3211984914300121873923646886465226387650032148588306899563075145172256646693650999044587006
3352618956396605418352737953574887418261115146836633608406916175045831653681088591275310647
3488536704210661493315236224953263447355460187183782245135258096801541317440529269700017935
2306649274186075154400640920374129117345952154062154016584886115958351698075185138874796738
3546146370867798863426960967451505224538632545196435636661298543166932277719812214526478347
2084481860254397470591652201381611273204075966208195535589382200474163983105085843760271012
4015183771434991174274690891501124718012931867390197705874891202215064330496395485747597311
2235148705525793016603818786219512479158260154321604321104555649087958316581665596457058166
3641761002855371292832380523915230615063176742640598370767340347370028681554995188346052343
2112423167532014127045728141508044630459658635591287828593488408784516289702501585965281529
2733365423643336996725697133342415163073522387113516123107297987992345052739926872078368767
3764818047665806841219997006388210512864251502444417394775479994056265904843872501221425107
2767315539442931633149630364192641275769419748556816115666106820702865331265604866731934006
3982187324986486916064618270005001731370517273075899119841833619047264192649282691723689988
2189665870816599443024472293867827203858313126779421997475795815415758162626351178866196454
2754395323697293837604146372716294206200851879289584889346815278173258026887753071652602892
2465724730823193256180081596890131100621706931717343745247391309782956278367689844917728989
2542573172696526967705101983731806840938567590806993334071338224466155069852737742108097535
2939815524798131321014005585719931540803318825909697949772644303233470790005190878508909492
3428730833947305448751530669227090947226876965155243887559379611545979004090019648359625726
3999824477975767135261152835728722981012855301283020888681595252767735118460037415856762431
2383720113720151680449906368028203932883185549666704398349844061420083950720775759980412359
2178679819515615810799733656350962513801174142728205243656733390309753586593219615563447039
2802194022174329213733661765865091358566778740186941997847115183658370044190241570492831222
3227590373637270699725292271335468640061095943861092059937177794183674553865643188070844921
3025895899496807558945788730134247980590512456272454144476222563225299738777164900881919911
3209825044370635429299678057825708629344128808640507721530166682227843099978307958344511231
2297840606505704308909636240825393463383348898676550533591494581868773261955953888494353597
3652330044438632917070487322045299879130692574710510358017982865240076109849395282086451150
2736829501323520751563041379948603123168113161940125321950309444809689149559309350105818395
3480919553607183590900710675945432336147358052161947348580729112496037283187716006369721854
4057660972793853533962898247380233619188305276972687659555390717903427412387835890513057771
4057981193828551011924056643905576872780230601920965980490963714343437660053803750364544957
2138327700043986736274468414776008840805316048812954317068440602306125766113706071425908457
2356131317605915890687028995853910582094620518920223817414653797853618224759240185109885927
3312240262353397727234156670054410193124047369905908611385461141598446700919001296211566633
3112191587158999667739332141929410436301717929648620391329830908044392106802666525132058622
2956148443466295219492851930833968652487224791960498083197880570944652823981153050813259194
3665750858171073751288754263020502963109806391288442507347958804456074929022365585649949631
2579517531029329110863764088511180702706131927869735524357996263040560993209573432090426813
2710454059710866417921116084694171468125870868419516418567604636220471015358927731841560575
2167910996570001177268880737578403033274754556584676194935387336958846928195485323308760571
2939178069454611094205517364560533048641538567484471957546590821693593260426775527176525818
2528758964881374693786364364868644777075916926427448958619827008750481690370278225301012608
2647198309001788123859305290602386516905902126303144550396895443027346609765643739062517123
3127922142993389181426206868846324411756796037336071529455590884289010755320891923871823871
3757367851824023011779701621561174321475235447827925441219102899379137537371790640578248447
2323502246029240068998608635557672679670985458489587029620964321794214119820823912273411999
3325596454672947567249714682812975792758507520262772806381952105844740153873710282260332411
4031148407400557932204400043941804745907939414072240147465166097251569207069394125556925106
3204781486571716115051601340065185835992023809551584621977941674211926548537050358440786914
2567434177843157565608370308293734504205634585021837732627491910514259257132222040953052663
2706880497116338482444076025639693035655359369581607777423316008101657251021367521135646687
2720965959086341388728766173363227000111560729411914244810948827628643294761399177762044795
3209867216612193618603248651800139993298004808625563566900865845193061463786124638360173679
3346671498907868688881053821882949926881295586408055590179572697301766459198757324306952189
3044814342472281543515011383469216933146022511379258086490284095893984871795106083940183007
2715221420974168109358816527215794822612747598499450040462224722437188800180819181862633423
3263022131902477963346140131513554312742473595512618738295323937366142336669525154346373121
3752901234302463893152602801559037564798570593567811914596805230634332791687847325491953834
3805024638280406387193996446194967812655252990803885132100198076502419746607333637457209455
2987971958939651448081454860485621125993383826746589035162778112702284416595606954135518959
2866151540203502306080361548293118347475310176894474454422690479891246996911586481534337023
3986800109349210105228830741294213301740711786481283859820120236383593303736279649082408951
3378460988056053869217470521305639904815230413441042297127024259338384485821007693130734075
2678988933104726493428547730729177925028382314564881956311884834651866607178307150468333567
2647089236893658675539818308974978977334302405396017591496390924366620776408527317587435001
2888780733119373767908856237641826463961355036685602452335552072663068096197046308667441135
2903177788692637997524159360683629019610999279759870806992791235922646922540056984361635935
4067541384503842492879946986247908491587369202897807520089605598634762360189794656494518233
3290841865495835175952253426487017448189872940036169988555544190824821361507527306777942271
2943698202402148410274256619863461383226468269724589860869985953479483129535157488340383231
3115164241541008593555410714099170190372632965005774553660792035109585191687632496799760185
2095132444237840088214692237117594348057350820564983392744190006869998687123301618464587006
2502295192780556971522442065038707472981966397005299355132957734875729723715301203195117495
3869918752993594496727093272753169361410914967397669000116570860378259756779648434545847517
2284536956869938006053883889789478373204626807694477416068207252418016390477089116375298030
3103470803087791686248487135333311054309020135123180550628132632039208525398221581620985851
2337337132394904594795507154125312635538803390039509731390087858444034876643444123796418764
2678516051612892985790270371921365317428589812104100803884425586941652133848776985253150383
2417517642976441175702138469074200097414769487277661056750204766336776576031557216394442236
3540215645642636328061074900884800452764701447841464370378218013047268484759213911246035966
2829086285491421598151131700384074620934275454332653388475158078249864278313647852443207066
2827776485874403212687219668825071691068533619673564230753456678348320104266848135046702739
2088000753254981715671978847224888101799123181572007459537379143949530414408461892720782207
2288678903438618381341957560959797303539682097804642712537773441420401639849287010123512959
2814654735107843183652370402722926198668893068431847991611530990355994490552905365981485949
2561583878317991958011043076967578835451226833443346960467289993037369014764762194564346871
3454201026887682249545320107827441141666999451278064630107284845508848153502168783922397174
2479804812908860008318225711086896623485138861431074809748638626748457370204358771815677567
3556209356021705593299618609888782394906916479723034644524981402454421586923647850853289163
3585325156392213408427564198705408001678347669997590695295158733235549197867892013729304571
3871101866137409537904287290068885233117031456365114007823881637187567517571479638688356341
3313672871630865981052851553629235194575678360747168519984118852026211859607388256028589439
2788372917970800744841576866271154432614024468181186006680981969339310240130777320902987757
3552521297897525573833994163395285858024578553778108831074915490020441132209542476997831628
2176447473716571310953223641148338241054749175808538842285745464113983251765215056763551701
2924696067423410269527258849132198370860486994438839703950844929410047195924779819947341821
3904204255660568380476503234113509906955662106223490388207247638984740044857322715595124136
3192683325887558213614332298942283416134101611920959139503713151173558704444029503044317014
3474701997527835713592283413997420937345790956984338906319319534111769528051411946158685647
2693078865185096879626082660628888235520749723196669611871637472585010959606218103190452223
3840321212688774533583490352955372770561899177293773466582042482352228437456773011528994559
3466496782015908992158099060957523487142990438842191250446581262050878193231909996996720121
3066718223358383849880493543072581198265436781774985147645355384349855888889047366341591433
3614399569785966448038570548700862295804595854714689176162898585803588617598608418183317590
2132500340133945235455544052308199171784948564859943050981401381121596761244395503858446067
2902883886479176127589798147029875875789691575626856985168210350250625296631897512209266415
2147159565986459789401334931518148108949356164767778311482265155605904088306069411572219643
3868614213021977746221120032902258706622341353188435922656585293206750470273008183668820492
2997460386534198182982217379121962940075915441836681677957920222045897349918591547191582687
2836507249378070253253517745984098856211566537103149776321979542943839060294777663572146685
3237618336229041001650968960066213128591737935074541208804042530125404751118927899468509794
2256835275420446246255997084827065810221769526959843508639898048530371252620332469944578043
2445341670940478341732097048545143159341711064358644496872049832860140919031113676079758206
3933317046647909169169744852402260660742991987608507256638713525627936524407154103588748031
2680121026545427972188109043507691841578374120250690115457767303966678862476378732449999358
2786148727558519198288144738569398121291368835731296066915456812811555936260504097048592349
2433048043252230829073429804060387531680923063525968856456182801222465920402049019439727549
3492504331884149018367874971664547174160684816199290633404411785370809673295800875830972399
2550205831294028339397200183771116130493561264481297718308523725363064846062644035453706175
2345291251187820171740814300434105206379209922614878230575896083503418411291390493665130430
2346161374201396339752679601555598982642116298192820356717134384850737336215430483986313043
2497446514968660635124764993790981584201211726638885130307128119352839220977182248079948986
2588010857653885569952909906081227497274369702748767635372127248206982602587347408415893506
3964318785080875820239311080435974845565493078706372907423593545997271175952545164285900544
2595466701498472793097687051123975616677045586744442415372510768419185662521960457336782335
2270536580584319173327804561864207554955251434562220369206626876983899833299508908435238107
2379962596511660447474953580609418938261578954049442859754014658308918309401860626681167851
3731578189012257568022043980545900981506125355981656636317301970083600852225235994604991483
3878969151807738261460459362600381737343789552792566791365445082165424343361631018962058717
2143340595748619886903828176175699831160925632593762963904958625363070768912114601611849866
2586247961164270375254980669573682902322039088856542700976457677623143071022803283798916822
3050387334006570766455102252027244533680442126707286221948181849344862821962926610595182079
2363217108853522832901791540143916262847295548848942132603218845652757845582443044058162151
2409031775519412975251665266562284215554634197315703593166481587988794277355131225481683691
3702438383325960627677782533586670688740747761075863538443295012849883347725577539997791999
2530414380661514264018232370004120638124640702826635144162117530658162463903416030978616991
3943440035820752264442683942182339687573625375414248232485034970924855842765865055120474083
3840911826192721900546114821053713081995266202907362997673956766059335122918159350465806055
2902577606880143063053107105184356704198233218807939918174778278681561299827203790117199860
3647390503474169085790123225726414909725862419499509840848119067355882657921464112438053177
3535592788155826061292061263124366744441977570176847412351663232253463460687153695447289823
3231427199753000565051275225170545227178318155981026112058726667639362161685461644773031823
2797827634952958466122314797692889593036028837723617670878695572422325660038860251037351839
2639127990649793477754384892478296641572467989973221738367199464713843347551275993141869309
2427791128924324226060359857525349027732890693899104926281221662761624430362155966911086587
3137680776620004967493123807331022959185320771311364277469729425688576806201122128289315839
2728384805114099542875187477755601103210342375716429897247189499011162771953437734235798941
2352827323237227063337346560227679188900623279685649547157312119965027428243993784290406359
3989270808214120759421112834401880570731241706914908896220419635492326626524682462473074686
3931871281766729536403406433022701047122777454754681630064559796462475948518570878292042699
2407428013610135325444322106300936152627078264605085273924712772031735780156333681337861517
3197437062395729685018078224706124906022842569512253395094239386713702646385036968196930046
2435890767991581220357127189856635717448686362862988961581377892641791374660137099582080991
2657380729146332085791061184742606438963482577384068382485903066096932202352307664238606335
3471960511749251189375192803432762508800629407372835045886994771493662662196778295314557744
2510605683325215022016934280615364777215720670167416127986876075611102550536293571493887934
3123236141407707351959021141742938858007661248366927119286041833121227447135762701816430077
3178602335055870959177382613504130053954256326162327355443118469850253050882963696094460926
2172712967793378029754716711089921340870058793049022313080826916141197223494024773685343159
2205873257684172481293859184988006605261790869376514716071334622157414431424429553908186111
2120509252974588998004987637243549608802457432063051620991399613695023471071499551615466471
2408111455920142629013433539521321329880972257844203301273666890490441954249601939428423573
3808252689469174357982831523214307381424085498492795296362175072360259217122909959407331263
2403158185680904731215736795915351721140037208349260711467719003901562681274159953193886617
3383339493120332167871471868898074370375851242089859804753390395946426786107413503504707634
3462894594228982003241037093741561842011207367678039879284810213446691868622318500355108282
3817514899629397374051288136207743487614511686678374658523523395229676342284559951608132143
3668266804936564109189261515661675883686759128702485609348666442970040116942597567142493501
3514329727059785907491574702879746456817033008203944550609576069167499925497214286193153927
3820220262230356693339895579616392327715105636108319701541430995539398215881986742348166420
2125264044556326662112631518401256678236012889716965713158842287549359019262592911436283903
3461242471560294289873133947274938989733148439911214079283297725364330105053118068780078162
2092622941837640735702725803574984588806595609737304396243834565301208003304622902311075839
2095345944221554909451667366964755742469444222546022808126811076056733760953047349184700553
3630117651143579829155794734062535628868048810355200506914305509108090297109088316475498491
3904547242018262339467969086440870790115595591421230700371404856922772438080105336778641136
3153007862906075927761212797891217708776719081202966346791057333474151299401395895871535103
3779031873542064229350966472929670296464354130529790472526407118800777748796948421288128413
3981807625095606698882871332767410557619911402531537979179876428671035777563652251886518269
2555307086320226359589603852114745584440024727273866450151863667083531036665523651613814139
2075409505446798523250192682257137907929771919362073468846885338113788051012697176985555778
2147649899606051708372064893463989184823778280580300857200927992978200944643708455409312827
2854218671999711494601481177550310082706970699021494371913587263572407323115947989780920703
2402922042802581203953103927219920481337032684254012259992332371511892946572925101333797311
2611988132716646579059099643569028147707844736656366916003685223944254713616180420320253337
2049496179116484392663215431165091988364216164528820563653616382447014509877737451037892287
3619892926047763290859377310143632241765995349812330352229619877719385064310153068724879323
3011732144469876398171369577293809151047145509058445460182975269002493156347578678549402623
3355469981980827279001114281912607137629410154417576906692412988958838573767651480872516455
2807309768706391594557285336607425487583194446426282482474879773957693270978463845348311863
2239645740098604362261116971664526289218931875571270537730176738139274904032343177530703743
2932648857259461451006654221537131321918892806212434407105099543961381299658725335869816691
3413432175945243469016895528713351434379085626371393403509535962828240893878760402289523631
2814222218178300361783972175953232033400670100320450396602213679369672185358784404558213667
2124656225530452889075010787449577250054940303469525950341006067338068396282742898765037247
2776968195059396689520241219266329425473014769544520217815199240509031313484226922398954647
2039666623146791018496737845657186688755686166148625651075344832186675230297129046247423871
2966018814795145394482865653497426697998140382496967324480123271243346907931816211773140991
2289788954781455892887841097222240255298278071048273246775435638118330903633869383533590525
3884351855311077729137337631173028164989518729008661066105165298181709002820802972845981663
2885248395132507182683138728895849542513669082372954473041187237704932483708672667226158079
4018449743288517493552608575136648143117979927908124149176960323585180848584118057539327791
3913618426777242562394309969403531306129705801578151177035633530814321641839181536245112703
3180347855131821900757492317343367928590145891175638575092047504788281080285077745582464991
2128112022821607798897864961166425478389385598073226494649791471796762026031947895682299895
2907335143622716984473132694659611340903734586040225265654812008498468961845442182072238061
3058318410036075757289675348923998985637783884101734750272306223728191986532427591133420415
2674928419665915555969535008766079768034827110214119923448783238977318761573636094994613224
2381556133235353582828003062373403180749654055926454129589827812092492776484445640321924847
2515236095268281442495986855503294888220503696121445899980558803291647459814657385800529143
3462107221294795878860783049893448412203297135874094824283450673565927053662843155056860896
4006490400399539643757264207234421623011723622919532111169560287924270225229022732620956688
2452538700819108751100425888458552398641506749361610359588734164133848660574110946084118972
2752697390474208846601655785727665255398752599958294835868579000072241511874839973432651741
2885141879423433603927885928747096851903309694549120298129814912850893582338221127229094831
2524847851840613407757966502814566298408003106937969724555429840480807920269505504122666991
2358751847678427574270790203126483910182694463079635215978976431841924395975280233603712053
3430344927307405764370926902942961807069872641757349040136291290777828807299359416497988470
3006549997559093150254893659743652987962351066041522097819125363458042001498834825778986751
3582943931002902868730302561636177956974421143523730121810257324858232756260105433256525597
3275432513857651475822427524344252504423185403921029209973037693521136077224003392809991667
3869106063178578822462573286680620584595439162919529796326666157172924815089117983509057809
2710526256923707904659415135332600530901969347927981301353176614375630882893080261577288277
3239043905388618234164417801440922383340721123523353257763440056902986758174688202016685055
2993512784339696278875679356329628638311001424065718434820310661211072034576452267270700927
3754418368024926696208681573833152811198732574432916334900263425234717619786668669727539197
3341410855622916549646891728475332496875954687039941995032298501308981167356546166554471847
2481080711652291840653318101388430882588186524200152200532234871805540795492704723601651709
2991959651494598412708422433495160217698421581920304273987585049414045920586768995810541239
2444955659006442505933168241434703914287020933548360641520103945502914861381396254008474091
2507810615581263730611965056859223652032153154838591449283998432522557156689164190961620981
2407306361489807338374624879083878351480189937159539821615076487832952671418509156989919231
2687671554000615420153344854855822284963112962503569958247164140543694169660182573830306815
3515739717937791632223701197945098473392758832201526029574882561391683058844251395987602942
2716695124572039945342381016498477502517461700432499072585743702985304519064724121174540283
3501463230791355923295160428772829817093574240271996761059756081538049517766613052892546847
2086936052312698157776228060037726473960394807313597265433292870215171910242218479519003661
3468270444150732472512346420853596685601562071575766730356062748285431445262079325875732476
3218163657571981078959139990348642810868036974813203047121641268542901456390536648770694901
2492569960051251563264283879420455049572856965307443308395361598175633436113558150133563342
2043386025893196098741393613345076092024203575432102940635974716955695737099188029376675167
3253333145541916002983298868455643791703198446547193501922281714899657933597094251329441407
2039818886584239214997434689976248514857713565862908487895025117283956195417479704444583915
3079143383059186518346385306745574960579624474313064670869824666717245446627616443786982907
3408483772390531275168071785859871781404216061617552038672983099832297720047527121859378047
3794958035268033053363140596496804587789882183186779212617375573966191660452920333022796204
3709142860963435585895473034988867419279814616003535709927292935499796730328988280447371903
3016242070291610091445194889294302436273569868703421301589779464485672196286828700307013501
3881838726281035235247384078441051868853354814506265776994320010600574669465010435425786367
2380153991119901982610436507784729573244798051066025398842524957095967507278154616700665783
3783175760279843859865491307578146625072311763630358160757633208731797412193166640298346522
3918302412162353953785017405656869426045648735346564728291263436976603230383002747959488511
4018336351085660928127980210873421388755799076025773990226169791295132614615032685819496079
3549870931205382599785290224387439369053672123727410514881322574366103948331839896223154174
2455554749738854275604947162091316146462574102457736612542538195049391247635787118863572863
3129870799723309302199149514129923334948539704367358355706261938522373069781718659497979391
2597648859655508339891030081627392260456416453876485981195517516402347613185532825609698175
3736875990292904392895680759814075989048601607341694900961966560366337364772838041410592247
2428865235946997113345345257777415437711401727216570143698947745080195924002620130793095013
2409251193363622200460906669167599642628492075984143945100864558444412125283773641007918672
2292755360411208148946649412354071237727924252414429753975964808161019941676242002296930301
4065193251044245404631971327969797707760428690885648519002892342550272887271243349128401911
4070756651014134164250254145325350971149362062055277449444811392541502182887931313349588990
3061575760881757313909115525273207811909954676794571498004933358460022695995849218134376435
2958414558516924882323527614837152296099600281918796187878968780563695591293527440632831295
2762319969182799989507455780310975850962945171193866760701850160821296041647425422689561567
2087233320002647554554909153180770077831520808700793136652382455048082626941591510004527099
3001184366967587182791687944739404885855819495901262396123834094818544777472336604326428671
2125275810637855493314840034776421757508879124582707750921415916126944469253563007289261055
3056987222683854560786334872944348490247959766767817426143538346298484727544386865491896328
3727853968586699498409592184645908220473524312581029916805076947689850176021442555823521231
2592124666993869549415029054146210701340710377165505219744399239605710188604260209006344119
2237037611782072147427725399284636611414904358737711065948555781367509329706205073580555767
3432604963701113516102760034159277645233714691341954889101126203849235508525649955523280863
2080865953308287222414156024888806078663527761507907450776645574947854018249648974397534135
2814613297091283420631815377555997075425542105197518217477348825576665322230229165122519023
2293085230292095818906081453122092435733414995027366080256082969161373574432126469948226544
2907192561905956607077878576620858329305095916416270630250728738793334803665166838968008081
3301825109689244240846281222676289830674734439074924090384098384603605538112100245922872317
2071403726695196167766903247939071034689108576279801212007331300039349923370265163387191678
3371341543896078965010768308721157577645443388428014267723799388491888039609393487647079924
3421395304211086648542561939355688955993960825529474435575878569878124500578825499373468670
3796425572540036592800869667461222062383174776536930253702122357872493790430610872423895019
2511912652605355606053419031965360396630008324774392319240380678033064734098130498861133807
2244529485201447445147087908649320325069947796055758190200749726981310034729574352146462717
3882785373942486213619566658355711469360664713052932413026280663089286371779590242083839207
3516652375353138066345392624554967124243309842821273124560534718039963644817305418562797530
3804055292030441470037215344068145265591780351614457085388090460182975012163495409437339641
2619792258745465758302784418086587652896605751089266621959535191183798253384199550653169149
3463289593275158273302426696903613945685138797365475198163070539151193912945186155179433904
3949837373959637129240576956686952127577287428693125134024716337215151217043222927031304191
3432379731941570463424710754765083254042704535833590377610815186192931780555991549052006139
3434244097379298867222273390614660320109343118940416004537810253738186750612971684882200543
3240464770373429904006070701025221859578639992162839864958261001805800685814118715144272670
3898514816469416800275724352976405869323432522191075379418584422371761326105076300672597995
3830710291399711666189808235264779261148866850443193703087126004936176170064756802485985279
2219253699150551260878009495378378277682867437978535509351650345740929685756909497983397823
3992039015655461605892644640067426406236553812955653949143152859243243711563611293422518271
3577101695185813996482753216393727895738102888500181249142192908509837762485854960235633653
2259993621856783042029061127767854253441239907533545278524621310280303304157287576291900287
3188280864738543538223596423832064645738567361134836819212548971666994510772009635296945851
2243626727051628989804352886420551281633587466816017550054299333265159116041174413479505838
2419593413508473619370057133313323463260639810383525767151535818456154467212138091550604767
2564321698759919833043544119519744773102558330161591235121773148843244327376359621461194735
2245648434206955743650441334354403837371721990131812224800968767445233621306258571065554671
2828621113773456139088651454343975760482092549214189090374853000218995733615716516166651895
3790250281072389170446361517753612004194097946606652452542410030420351936733690096496148471
2924367399093834284334452552296812498807659896396538796999314141780664174224579613509213341
3012238955579698733648027113312728712165097879364330071566699648431804407787025524248411023
2203872357990502851245178690576677426700931857399848080292688128860753127986188368797475499
3135702106981339727028110990854798767831893411227105776981010203385216549848453680640974831
2441956766795975333671076807793402782578694278057619276914394683531510363781583910415970830
3534895030393075080927442590673891826069195439752538412715083271539630436085107673017759527
2758070152712355618251026227422605842411860842732031601493857577871109532574822584842976766
3128133455371930461246225653649438625762670180407925034885478600033991382790969957544160083
3020730394492476306765206663588611947029792726955217006975322946461012186150130181138799033
2437415103294272199731465087640683468552825450356495073928567115731946746845361971004440463
2966430380117976896001474336793428625619794304245748356010422737342905684869951055392407535
2442051204688562943652047537570311901453393641268012144890535766543904050081978298373635068
2278494363937034773310612964895777460478706916320348396497582425309237011015271455016925972
3626771179339193819379290489289070385028272103316269740431695047683593925855944589491042299
3930056072388809271671837735972955892603631683824833476837979682579400201713015622928953166
3298181576836103048492160549160284029515587243209029874947388385838682641977135320859768567
3342055144393758055936592008356146839132457159130911186138669543853857507002313380152457183
3016821796941575429561031123162331580260044644939636060134475660300959398821944475167748093
3335418513353879964835866557797897520444265439216353453063665838900726342755042096535547391
3596734602556641886251271601821702221414608492652545511940230696720638594248418673762992123
3152016490051848354445120670720618248009910402388417034374845703577905319105365477379452479
3392222317979906321912185524919878137110361260371742454800721757368560394592394143224127423
2490781729111440994411290833414000861870827003133397419180852419269254186868063779854212991
2762906249357942755973122152746539174548560236963674330692691116629939568261036196136742687
3975093677089131874229290420992817664308910325054354965467482464839225286221843537701305215
3685160125580811255839654997234369057991773248303961768326845089455755863954317028516116926
3508535854114541358780275565481542507558240454862820134009750815187104715968842690980627517
3744401015038875008066346355927301700526797319916428082428211314692661059457090596670168063
3659137200030468037233385194627706925834591321062651804547440971358948777357099856402841019
3799885990329039423387728252791046970480222025186218012795020248783468132788019662862413227
3001436818859538029724330945303355551144610640418023439949321925039181897529636292527644510
4043428111810355325052993884745012002357133403801294842678240880871880930728522891485232879
2462213537549992362234044246563242336223032661571997344985372573608369647049909432665759727
3959245411011526478522598532262511433820443949399570293992337431632254521256518601631793149
3454580941826651937327586526057887010493110147830402631445521886580099647470625760657539071
2202887454728558058773520405311889565606896002453315986707298415553808272627022814757971327
3991019579281885054652936109057597567775694350228156653652924041891446755497867467699524257
2098871203681855501646830907946565001101468227754742020661202874614457858993080885783298031
2108509853430422171450134248801326658884461257407869350312048857028531389723726000830173664
3409028268606282578335422798970690343395868196375440901554445757881885042689458642768449008
3377438471413091901977063574590407307987411630265339861250575000358179859599299570520896271
3569750241614134119136723922441935514546798888551652661541048464384742117308535221313853439
3211946315461758503910483465691334966517731031035332390437084977163197865406089697286602489
2808009081482108247536165355617990080351695841378029113007481217532656074278517956501043199
2223712549611004409245819730980181303188356477964370704132281027914336425493025825848818415
3114312216419075182046481167292396006523725255105772878910644943581662957872677318360498175
3184416806731569946707506353459557397862598851986930372504501583304057141759871502059388671
2381232525987209047642671965982696739309864214032184217301919499593193771158248697743931182
3686777900458141030252165012445135078755172790461278191069211384543928710619178211357491167
3692546819820003360334217573518079412808423906123912850635778571100484020599797101314961399
2827841896857062766923217084837905432097223791383341373932178148150324044899488637858574334
3022776998403123895479854175541936006557253586964045838032990835509479236654020716676239615
2452533178481258030995889484387579163812393766989200825906282625502448191766220924759047746
3574509069299464664684178480443154982654667737901485370407020431561760853867122967586018381
2512678990526383468924485601194317166221728882573699152565853213472950271278187585228849289
2090036847238614889798364496152925980195114799549443550011967240302283750176804074713644023
3402478666791241450322490410104928823189356072958507509449762568717254951789627520003734399
3414188376400588503550257011648876983160269688275635755011651600113919938607731927699894260
3963228751249568599986167622418219546739447600994569504189697119183712920406258770677768507
3813802098593310272959720537796266135353748241667848048105729371424391820322841952832641751
2529710468413973877413951264754477129549164342095542022902628091037875185615002879789823995
2056118401831927609569415664932625405054805901747086900878931553455173217943608139517497325
2222272893743440596571157839176626419377542099255929006336551201652545039543866999913054187
2437949023353642169207118939587314331728816039864577675503336789569631108563089937485789982
3202333846454435406859726618314991240647820228840012092870513728302378416950569816911953915
3187127077355412846987321518284222449981967087361534587615533594643968465711691113012711286
3373080732180478812813834886598861758467634769779360177781243817628418762103716775502806383
3890215152176335472858521461184309802750981744810121784557008143865006538260847075130056191
2897436264581028262868315719774010577853179732864526733432761708656840709244828410823344133
2813797716703184279713963482091531262350642758291016000633105125564313709385386461615194095
3706861489042047445029567954187154386097109736635020142557311255822306743886958013838023679
3819532613880743776725190778758718461778530502705133750461427644063481910621365523112263615
3446760217606388444813267959837945297098437306406678285560620325419326794961228851761381371
3601983514753443838439798327754175125241482265386698410303400446143369121120124238716470656
3621941018780397050762972596598935082944176354889348455884415414981117275299848079940713935
3501073801908128980167150626774154685497657427269879845956736147834092352269823013677672974
2762354530443475623352884664147420648338884381611698710889600459682876775984389068930662399
2435398202724169646560452037378130035831906338795970475058415024226523446718114631705427931
2805254354118773750489512095441222971644656963081827584338966083486292186374547358748491775
2194995301139842611941635207171273642418159353322085792659070095316803617574239324017244927
2060264286085759034460911485580354823344346371458785548205105034923466073326006114575562752
3582222170088430478341264221357806111705046525345149646304015455845178745716686428958219183
2699251887732236244176857595832668287169180769092206176325498113322194308860882422062874045
3255200694307749208928534989454262241098848936041838191312607397325542545057864979268412375
2252008051404325573173876964424535366495119811145719711988390900598993400294226195342161915
4033485592581574560734503614136740814243343026261595641406478842032906357624629081084526430
2738786713450393537773750573133876283503836328239680804756395993215638110911062489604489183
3038193683042699980142160507118538892097459327347434339546621057238108654083748349928734206
2575438451105368795002979007565967864604476674086206557616525236527075353172237847532404735
3299564700074546340311533868670519874186662127431923098862898266830993843640013656852225918
4070202117961263629792492400128401249838064704794232403637422138981802678201835050472661245
2530234433394635428225654411614763195187515777633616011300886906332423185409750755153280487
2386946834224885043158879680377497763674152179769604085056035544248643429154872579802007552
2474410194715332645162416423212222840396070764461864362830818295276895756090460647882455039
2281480043626312944211778937630542558472971779346035701981452667241902811530328346382431231
3561212106953497770567938462105212516859287226517630413924569233551480913581303605111422719
3368707613867639332099959134246262900545855902268024461588424800852425226541362005966110940
3096368956098954571258037150136156235743661502361831952545547996526649596843660789302427643
3129866631223251917591701287809870124499266099099291487453397933660720760264541883142215137
2576883240469949504066695417367228597524329097980419042423005890568800210172088773728137087
2539834607758011910560058367693556065697965118041470795027074418551594197765701291455937950
2362970890009257466329637532536098134490095164304602103936665497963718123275796913442795969
2383968285120919979978132596563829706898503338646592698422422546153794032324990652778411743
2386702601374302051858653554534058961935710833552476070987327625983767978894605083300918239
3821119843896977806204086979015496890519792742484892722115490944424699445652329563825192878
3763218420052732698491696338264901655415409637278112780626604982956727750318597058538045418
3688349762241280351585734236908325179532224962370315302411098907165249596106907935852707837
4011518853438869935995041383489632455370606555230054813775229134139525989455661389707214771
3802214660891389111625341360822398338333286910059150146462176817882366658946346264412558590
4013268296382003254135178193297851457550726711311709616089344507965251436445400371222805759
2173326409072678186634168997052965162429676256508576326619799741162888809437312645049841583
3254260882527677783952421732006764331883463881908028722294945755168886947899257811938312127
3236298897159740198518897101790077408038609181441546671371993404818258598340766818986094077
4065234112171385840467168605958770557009872300390166895645155590411289477910079006483726317
3909660689955024247302315248279171356392138798078532110843171576056968879644061364127710203
2306233974056903306610709110687557408649250726859432130091634264768620977927034143195643903
3235504097362352869764959995551915772274284187634258977328019334927033266939088873674997727
2428776182728216406633460178994798909507105390460387290200763688242896887394465755749382103
2427293323844354065965661355045081295715936081161711936140724569682663752539750652790536029
3557088262593464755053338707550664186605161382448325061702669878913146232871793918527812080
3979868964509792568214366612644733475639294957621287236149173128159969035338954101734474388
2042290618644681864208795566494333468906477244717467841133338952927419147160160877223694221
3570658350304897850329689634865261551360030241889809734574665480563619230449210247897781972
3412536667946867208312481856938379621798571397589339483418300061259968792881851774080574815
3558948055388497206217555402295644057425252196301563901821594097332019727731890690684775855
3489213881621759236268052448299205072902511054401497478341860026171666729919074131813332958
3091067393733038209236842055423205979020618859352020504143229232303926302337536017437818302
3176400564626066494396522162153506261801252137165668254654613236219428212361575975309213439
3263863281431719207762434936422480011379959226708006393729584881530934568623191579688329191
3087161112349548229482067760146745778071289714273595060260869954455262993836006931654729535
2358210124692153600807667354987609438050599358564003638522217622769898414675966553734217466
4004646669055071526591335247802245827133526243229237965059725410263001453413725455974891513
2655511435685026461579550928595659891014456820796231732683229723092508682622154032320870391
2901260828047053071180821881618936396461652361868172764620620236094915021775977352448110375
3856979090893675739403366287123854091274275108197461466313770868307992072191827047971006454
4043709575439393163671277235864108863965236987861223547766507823060153682180876902431255273
2218011327966789147413972770622108248369430623637686913428276999925604168591967574143524863
3627526847423043429862287197054889756344532221628489824712319959775685903857591591114622210
3711495926680013968864391751304743476636624641337789351147148912440348048683613468753916894
3915985194874715699253191625874147225995746994901012060796116796137610405257686545174886911
2290549363556717095393240975734536763695667606225586922201672102493807871005578626475820840
3641233920756429937379908889618365112274042077675201572689960816128604424924887205558611839
2954211466039176028536488228863176028199443487146979261716423216446815501660710432827734015
2193507080256072357280964031544769541822258342574095815339465862950005269165986759839710716
4023711983819610775466886930620221703882949006891091081435632214034865637716211950526395735
2077322140739609986875344961754757168405061901455421061529430179909025521803406107784290836
2822146855381035727945197340790652480014471171484577246437000975161057535132025081741311615
2107874807875736935572661603825494684831132121625756060347992203150005236861322111955762685
3241619435871888774022290930226186495015139506842987106666354204855975278811944833165820057
3708690473763433893113180789146902411340913762283698646529214999867426410292153093525044732
3478236488544684344403316343935906377317087656081275409450115804031752132159189698026428783
2436858095280095540229689779727969960248831858639576336162188493077209945378747975133298431
3939037492905492173683334578444772412764944792187497046060017960051618846113870277657935870
3544129779727553940988143057223966548646327075875373915964583249628875214217151234192179777
3365129823963185915279798256934043721205339938622625410913001201094850153313389175598053363
2815138280714186156906024609360569064507008747911284158279265077238982658875838767685022711
3863542423598788080459226774821074748132028425506340720483106971666072008932794425860423250
4035276855846794987497249608037099234720144736571766727989332026883863876206512077335870075
3287839444308931028611092865385700641989952278606982922943974494757554504404662511583427452
2438100902793581329397657781755484194995484387593637370853190837988024028503638462653126015
3117159626157549187423731080847095676939904592133467568407799742836472761280100943601842175
2886057389025074218144844809734956155325699506448591067871223335476697310058383487098912415
2351424090686594732123304747079347076508345329470791154959223218171264722038128874771904455
3501422973485832587892299298727359299003911633150456805599133360142959209802037898960681599
3616546603008872691261019656115967493563722844675065370366574855184417592275221176073911516
2278039560176698130826402002540776145126608702648460016559357029394670087901915043671564287
2210500119634614062377548643796504378273470708298096964962293661623303467422912261490947070
2298390015224948911173912706284236347407377223757813507196636013134326085706882720751807995
2469899511535994898636353843476745215872871288295275202439671593164940114264123435336559925
3697895267330981404637889816348391400183233240397200095497132162733403743628651385442926587
3147577218026488129062592862217098368799523913277299092338268997918421827956002240477126540
2788154019661177026547688235331231921447304562808796439323903012538353102966790830822382844
3602558571866740031343047451235932379134853306499138808891076564338994756327265669226692351
2433773091369328778420494441662978340551444274002894314754115565260388308955861300449115901
2228130327634797530333966753708274098023537694539596462227311995658066881289999293483301631
2326195895701164867389641217385238986386667667806127088945430696911308562017223782900297717
2955450163020336971082453279992430927623946349323009630877476004633515565600953567148734718
2441795770911672945686762921186211806603575954322688130619812572667562620206183133678141420
2947197300997613851065403831650335841501304114119926830223437798480657130124976107672301302
2983826748426874396938157670948359972822241520045505441608391076961894092963239167712722861
2808642908313385408166901277470425926242759110928941901731462487691711021109085827711927002
3292927578644612331954412382830318828934077414711984221134049312496449154918434556255370619
2179586580816844087463426449641607993485981820270807873554430336587804023337181975804628982
2714875842220096176737370898438810404686894140282143495885448689470456543703321679506800126
2083363441116478921843064397971245862620793138275068775625581989244090532875393433758859135
2852845244434745327698805468385089211388227831742680636142973950059439785865975146993810943
2420135578657967865907874618189604680434491549443051160195039606087380324542893915512373183
3588813335091857298059226647076952776426462132198453192031879298139386944997423314492178271
3314454231612018926457625030882248258931426616488727816144593925093218199597915418340879614
2211037176930950783236107079246765841552359143589689015747119990731224905487278422108139455
3318661675684721459753539481308297991776130861248045260066390824587715102696713967823466327
3746161707016185648976923354291241649648446598414556947316871940706961523039313444629938111
2195655980310556112006903647563715027259595334579484318475600459136419646344292166492225279
3498380491248799228543599195518552343887554671616223458223290185829308276285324943152840430
2612455746644263615571775418004779280120647080541563419035376966840544790645948170914823735
3385432447141950664819929868219803384698620812801269920028550048819119365430580418853699542
2902498648835918783354094046743654899103640523966211785566828833003130114913433825566489566
2786204889809646732142296897156042690867420250504475008746899340472161075036159642039155693
3232311883217257996935688562356494450687140433498245713832439202195322683227674716877076445
3488285993895876830248180765242240550400484652173096566547749976044966502724943098528135159
2188709589593770818546877265648188542765900879822835036742249018695819414874730161044324217
3929120126474646564571302550866089495681021277309724712807701386835197085932308017411325950
3039457846971301911262920132763858804709750407930428381267700802122378125053561240016568318
4064102619931337244851926401754354486385778005241185269104107922909547179312252155217402315
3191849350594032985846478786236394364051125525172310637337893435687322340501601779168837599
3807256994700949455632340523861537380010103462352000807553704066070123608147073117329534831
3684910597475460935416668456942560183107465228674624953899403275229365601290544047369203199
3351852985953348834889021625676326629501513531836874117268533131962468853622694294728900006
3611373359264226580995737315478918366295298694165072772999877405302465207622538947074195391
2964877047261620817389281347699890299443632033228488272781220724448969906164681879699045246
2369991301979762193117686558345907460368532780852595435460978923206666095953735108435376063
3948283130411743854603893242209525771940031544452678529082685845769554798351053980672456671
3171654661791557297284279754176650687102681122537878444222344666840909522755361392510116871
2624986227128821788993060088854932121084143481591157506988981446112622939255539303349861339
2919231202605051913511976162789933392581428381537748954776695934086339386622323652262134784
3879796296646702785670024330919451379195101928222677918508446237275315436552823259042676463
2477981744823875192794871091724164794526066530036217469745937029354206098326485905201682153
3685960481763413960965621169067167016682750717236222546644994313377113547220020551863762378
3927701367622144233101008520652816653179193480766485130891920175634919436478219470868151415
2093788202877692796871044397600859100848268547867277681937652454690082963885071586693431213
3918098973492128376138346201043893538671298982890603419438620182162636245102485593258786110
2514729524247326512965434783500214113762064003869738698066124251775748094706271253534258847
3956541386812222766078546172816170124549893876321127803048439051038883971177174115750887038
2397857425653753869249990629910778965021643041953952103754848872745470710952496360588807153
3910820284744729710809234986792626828604403411943615485435857597371580867413044445503807327
3683399324666358481981293037945320964213988653499668885103165903096831448567139113427172347
2190683418093272559422119109530760914338980558582208759841040648042312523084076929448378335
2067443618242032513999083225428919603662887368276902615702221029805525642103438642045181559
3248281310178320716709205412555055270444600526120315689658149135398950208177565219356603647
2310386583407738159373891671393127530480696424162744075312569458968493480402648744101261337
3756964271898540242806802589119063710036374554754571141098304973080212197814090017060150447
2078898048015087088615982518109086347429519919305064607227559093384329749469181619883368287
2955954688620225792398082064687532667433851518487564300326946762918273557131143785140439998
2292661573456426585014635183769873600400847920925176743703989425003896466651850548684128242
2196280171801035943401871491831613072970284506978957192531104083133995378039718742513679359
3293371597009630887208887448695914560808224864527059853337581314703144450154447194029527874
3550548791479491428440870361375382225790952891645743221489197288963065559893943980165257131
3191952555620826462396152529076110353343976384261604713236498546657643901796772421262302925
3540847161855940934530314075189851095790617204546293439683480529489759235619414081242365923
3489548777774106884508296599539513357081806089384055122710581864650333509961760397631216119
2125547137699356604899909069578377160134527474747834697435506570555844424111691138532900859
3243946941920602901654901494306320937213317685994718222093526768003711632441439051749101565
3176523929616029954975185462678808950397832812600449796632566814304151978647096960294516734
2261636386029779795606779588065333055129066193052944991915891778370549597711356537785862077
4016055248302492650723941843513072879862122379880724911130739443364584433098708848560025597
3186929794569135358353991941134417541256322347944618612842404955994795747719456738327329069
2564291002627932956408518932698222020579382233969762414989237872975710084702840512999843182
2105599997076048362285739592289313711451876796904474411353550218858116926567805881325312991
3237299341289516627778431182819509402133245959790033280438602637632637445669468759190254584
3490165016365031605440585559527047306017864680439825157872085599156524969814635584621083127
3330941821554657028743713049732279447258853124118192517961727371697269313224344179771971356
3965219587438378446053520002402764979681654866805282524672409899827025433678742839969633783
4021603337969942841986173589763452660871021501035644606154321607338559874677691432461453513
3362619973671674532481694136664456086639837724291387314204556653624293657185066534068183039
3369694623578022872965304230966324897182057034966627813764633337057510100400895791404474810
3246304068410682408069494730166565812105769333302995105886306133241481814775596564253431796
2131769853914699558638448333263755342917550865245372541022373308210422979004870252103155711
2162292367990536556457370963733672473210566872522926987214478805840280671867004205385662393
3295296672714861949187360715662343724515918690278551603056880445972976998981391394682159015
3610863959208899374869390673612463092264567288959008308934284418174840499393990187663884093
3733065216446116156277149323177795542109041744436068023638290366955627907422855086182052998
3760718911898620590475349662072586270209311771452045482110232283393272693168481983123681780
3853057516644494574447725524191946085600950911684548023765872370484076196000918149023399805
2407462300429307651164221939433155129888113620703413919145183912294258288179885086274625616
2284661016400132034349087222258314900404479125904566581533611254996165381121927360969439231
3761066349253429279045506345255230220890337423333088449859424886210588718395346533755139129
2206708008580691017015168925559497692556169760922668655231563144503996888595629303545052159
3465451915350677873103346543438408150246504873228740516246176490896562185901111960232588716
4069817454146644846581986295350618659881805590622726989499205085559513315771337015551786485
3744573693234957289955350889458950542460899509656046510484832655112841903393105672669228287
2815398116081815017469147194169398755478525345345773873505705848933197850575250767097102203
3008965440292012357142217097225698499848279223183959942281628818341905229131409950892881919
2637273721403290011392659242949466881065547483996527527371748966802135969011620308764864724
3081416660910108449417696777438366557108300074583568031205477015922644640179060051975204607
3915294658466149289248797201186294504296731266975556541556922560508612453750784020966538137
4014361965314007674036630731631384268722610482490978529481129645604923596522625716461707261
2677082763823279646393293803074486743130040612718919641236099405085261086297367357744444927
2495100063105181051961881218494187539543150490270781591679753695829624446191470445278136945
2825297995224996843592599466756518216198349784352397415962106959296537587309924854774621143
3765902507063924370888181768450208606910099130694124826650918684960302980662726496527356634
3546688968490782488177407981157458237129548548041158332823545933393351371354680911179283711
2507819902346564569638950535095592241100590166853359830896498440027581681952836836461489669
2571894280495190131796131689709532514024602332440745852424537363982261150407693998743353791
2669692026713499469715060513680050401091738721670339850513688818700021402124800055828283259
3671810307787244726927669227010564445001932417813134180662069419151627060646099606998875998
3388699537224114692483416017745019545973297109687682916346940925978339484191961420534743029
3618514773221771430796470685949112931660272852372340181290523211483235992884195095117551087
2543218875334285908775207319456371748812386071901172597116291149022970794173636797644778463
2951500663033878757602149910085052664574540384104716608476042057664384431159345587698899702
3831672662516885346931749067694635023568764254420526483114480580373584932323885861155291099
3801085689626253706757150094644125674410693666376143378344266545850956833021754241105976719
2570266774966983064416306073837410418053879820243153069815650536419667830272178658249538431
2752481582629790908786114844725945411651964000694491539487672995479429124923661119059885822
2666832602420009991546416723457616121676752511582098659454325720585713907616981690713579475
3111784548158345558009134506614879552747620756209133734133672834030406024806893802796843006
3375543853148497798367045490836732584937178587690039260110836455437416141555563956361232218
2297510654098024395029340870759063296101329512272307543146419877390453832832706052470341583
3557096289543707671262682915828379810391173990536295393824970056693285496887123982524600317
3847352457518486955059728787295489832524539101145943467278494537246989882096834019423032062
2663965412181359339141790209214868063315661877605471488973309389066714364178148749628587214
3019900979902582904310161097923849523684289495126587350631741676985917717065913164969352724
3835450995141150787073150383461190990386174646613672511042696463783202066018020790257573684
2045862992725464189804315519495751741134972143461660571130382156529704518445678564211619775
2409404033673370448988095915179747664440451852700350486045508098929774254178678205048835892
2977506140169851502059568599195386207255916090598785064219616732469959772467870463601794959
3414205918792912865695070708390971425618105790784774712188208293306314624348640659173843012
3250785137866015244650019586728951946208864956081945043217027887890788639741086189458681694
2516579496608528762184535675284530305340161380545413040492330118913873795326546246155198431
2558129570225645085281491460816277376113174573591820048574120976225628249110607974911406413
3884107361450649657816931922431143595128347684607174935279589983012039353731289356608913375
3198261161476083616827441606731511869972375209208754483736345956327893534897317399530027903
3416252638652914742775658271751102110240650051895979003721385095523620376637595404402472157
2677444364227429920550876049882037163704564978775875161079294587376542054435103426766841679
2580559211671831377170283045898521203009505927063966395494298360670210120678288606909845746
3657273766233876851403124908228851736405224552897132778181779497725834207944797328733352443
2090168939036598504870434701043736390688044754469353906928778748651846095427207444947795453
2526925554193600403949936606314858773883630666170824585575662443199703090905528443850407279
3691195348414941476995305495266454562282077819553432695905050961221626813520039632766476254
2089022657840736708158779886683160510090826525347675961227150073473621612560928901538374878
2317344688193754193512976268030961113014102929619104984533731800738431341396919888345109998
3737375227793129228761504755903287038761725092906814260107194475258375942923899020137987063
2462461025079984930927225041125667441571267311293564143744657114727589033442942023433439198
2050092179178293772426272153527291524163763067268173457330264347623343675867490283523900159
3937689224029036797931989134077127855987703670251423305005300679242673236703566132072640443
3324904207052492086444547787352467690139255696885323264723907196581021948109338845824942038
3089559549641663712395445538214666256000932764710482801068860913394782649720449918957454176
2552191486010403114158293059812230907213151082404969915399350124814912559944032078985615359
3555352161591375179877169131845658447900816821507302332238769210828267903313417885699565513
3622560161970032110542664445455480916518607137166293564065406119662083548943396829919200391
3787609749939349556934967001089133807798599269625942572395005577305323994348312788056095735
2707191699988576004271311785080694194715444501863877013355815273692408998736717923835329902
2334031441363591972620389808263767196614241520258204337564567335908936262537492291966071783
3056102934200423666443746613023119174991622278708594867494746558928869062505686074185123557
3586892126546902821438158339494025124515327641425097466577051421640568275802884162952593391
2257316848742530511146248688905107197048668982325789520948431481669728720750001945149652957
3483921800411516143633702745471820909551582478175765853090703615793702272779559236181946355
2507190116398189313906812637183698418046375570510848409887241385197301506559964264613543911
2795678271176061093243635196064452107310079681170840604797962745186029590242290911082946550
3834597697023451162924301139855821505876547728868821217454185416850740789146948923976777651
2256589452464764332549978439976043995103825035817287652208547257043091898084506578108537854
3931897675941684225335811271344305060701446707778635689219653013528153019992802449887001807
2291130314533571257047829271652186187340655234444129440161060081930292308325316282161823723
2832922997606936724825203488160899047387701745209445720954398007344232670913041633111142395
3852899134110413743043215991184772999661075802252906470095883331854327498167152689057824427
2081537357520800291211144746420872475003842448122075970621499070913297301652718177004535143
3744183125524624728793243174444285251740837000633945071513602678190182747417574109639343071
3122854844575525667692097917232911465356314381097388206108919437832548585597050339706669701
2850630061895848173124322533749279731373291749643678529101108523286573446004001535804437460
2846692285586252578652918916354783005897200131710025976589703349541474417910531970528475142
3469707987109015428923202058241932255094343914082183143270950739179397779520927952991701416
3506549791155958226354446476397218467273014630357234332942193535246419949652836269233765629
2218702464098915302912971829128665552591775450572794379458535165433347020721793595271544283
3604147962745917723659061025153726210959784595913255380784551470926976920390693105047567589
2800850960611066257041247030565337688182899931848605537486824647740099642651421826699227132
2154726463720995480891968442216156991504627306385609002369859622758446660243369559488196589
2517313429362338733037019567284735256140341320821989753390496098987670922857051674019164157
3818358358327699769485289672322494141236693661620482481887979091457903765152323922345455615
2780352574779310582827538518382316515629699528610973773681330109701286305845323083594858355
3130908139565746034102427467632698923128162915086565484573221474758541809934490467022403581
3690241753949570976819460285139916635324042692258864150154680635246793198149245589275017215
3011648061714972800027196459294406812340314748456884651351885360314021540605034158165590011
3249233032100416802685638242216489523903513785358751250290782203131266968047707927447575983
2062773516188849352303708926372724385171941124822749957437451982333625318183498528149471221
2878827847481631140813110632246299172377755603844308154097424705821232196279602425863434221
3182080285148525141242935539115227490815576767237473789802623022938729174712217570584397603
3278508009940225064222191252505726635556056133326519201531996841162697393503485973294219256
2692893220727067105101766384695771431957462706951101935898440292069879855848341168765467391
3597555373482295209863502445643502514802081185416887092046408592600833556032992885492943254
3946125117730653607110509905295325872680387287772566399485103378015405291415663212230459391
2714246513798223401094131147628606757129179920663549833421075660059508395929555414296027119
3716952526204241897289748287552389001340397895746377538455473859143755127035043575433650037
3227704355993652573406139882662481697014514191881850614228405549231510324564341365581282781
3450973290046854276086765802843937370211391186644812376574578669800347171869689742400428577
2261982483895043955905156151805671437910833600218815144601993732473299965954726402878079750
2422933618204970471782912484160711583961997101022396604554715533237828553871514600814329311
3649824702142036126170555521069723797013969625845152933490076454829806347763371664576217087
2401662535959882132933912513399051927447048738937173905274228428310469951825214393798294782
4006685510396570132717782626941282272082556006766232720529999110079794610142096028313083970
3071087536422261287883432669603903063188703964332622090756748067847309290677608959799034807
3587287161649784493351856900105647948613630841311172677249302202123719797435349761610345806
4029162629773655965891059548873083434811132277120706592496446172257246147366748137379985407
3627154590129216248418768744546542189808471808566718478998783607713950762130447984705322445
2134969178865169652762328355774054557275598516567509964306742502499750157596495462633553752
3104899905536612047490090974469114790248910178527417798515797435763592111300633980701351423
2393181243189468526360053576454471304562949537789047229723176568687503628763864340908906070
2504377912318560494616893739069769458913021130626402098492559950468015497075320166198710127
3902368636693058303336763597247319473020947417863421184863143067867658719334669664605174767
3624522828089696644794524361016701964772703736727526073063590329968081272159568571878080382
3326089973223863173923460722190796313374997519933980765980318560273204876483552848103067579
2958712463268757200055275742237978610173562733787817962561228154595479948450862849943666143
3894273668508188227252206761109264671250647001464998195276594229190130169958498234625949673
3901009734421872813898002305219570669031899066590247472972277128924040166569716286909831161
2146260701370673984005250406694779856088883984967029679156043610975911674603942234262712319
3259819210381664689635558113230882683932776668232942819516518813853170981166245453519257343
3390839502201795916615583355781449242922637561419584262830713096884671667947160835163291487
3215689185771720746063099176652932694586734015904394020200537702068729355845121842131988119
2091684327451362411336995357467416813867673716203870051188878375276377078734882114475272367
3321765922813766184924701763067534979278844003762166813752964040723869937509252915225622207
3787424373322579070536060870102018505183880265338379773647187779460794870880816817827406686
3555133102340569793839408498782833089158374226102612345833583589151853512989535751598768127
3274993854887730411865165986009513913084405832436642645444530449798527336420597672056684542
2806511154823410508837993127406001014572709811934802202568385865893047833096906847516094579
3758330774963611885809173228758657608487056818997296696298228264781336725560260106366553191
3086728978023879424369206352558423414485782055581746622468975551331629108134974813947551423
3712171758890063234676509692103140288412300855005565075550958407434714919573269058242214910
2625743986304980436289931500664029552754235588371964938068898847983903267126834036296447994
2246194252224572673917855418541757699846448698821944716237231801948570663482673724173319583
2064423474210494516997191553298889428386806591784059906502007309125017559216072703705272319
3204786726880044754384396733272987993985704542814103228202572738518042862648330502440417019
2832663108139447527610374577224273364283155379987096447453730891495654411622632389649366525
3584457808873666417830380907885358363658776320389669957821696453554170914381196978864864255
2576580711395827876744609048602421160469688589135669999341950505346827082789083647701548396
3152499423876981236871428122948968259304095214710821345619656503058785283049290701893673607
2671184883902223100548190386338881250543991467270534768132500403257009874738841632443953135
2783809060952148088287330827213752210929953827980556722060149986642117740391995608357850851
4072655575708846535266343623728058130354190698173696735049163017443067127471653452450029431
3983678095789319254183113320505629380401261157898327866038978832486267140109530365995725511
2321461122625793620606359075496866397600713405959832797421830779585932820073876116803141631
2892048709284308831096939433100688359234886109419419751003412921747534778952365249171816174
3767942028848388249050026940509121716761537320594681369190749635333222651163740401192364797
3866155235719295954800547061609253806184693353462956724003312645499080990152896954677292799
2063858869851912355750204118638753792320329681542847145428382991793155147269061450323197883
4045617630804888614017570067597258091264826913692641398439520696843695298855510446125283319
2878233719459755089160186566808835078729192726740356145100494807671885194431091947695944703
3169467787448543473621928775315401845342011544811707008194395763302313461446722391604457047
2495060235192946337467988910297078823851226844012231231623387574216541054481830572582747615
3141156131766708177256834927935092350352468398542527705957062803053878844142626925127003297
3651349652280845244167163444044671032242481236935431728060273454907402538054253904295155088
3299807333082793154456439477979195223649990415323240830191940797999033277602630998919848512
2660057280047815342600141572674922412811466776484263550751899107256309843972119488123369343
2200437673943482512511162207241215067181220651044504550960558064703188601866260856482549727
2119254191460555320241737348561633987244843131797660058893782313819839128277341809159632127
2143457570994584049313407524728698417483849504364540595554303149980425118331281184925937595
2051745850416557046795489495184405220512788287792032378602748736609311868699287455939780475
3896274431744791331179566729755393427916187155624689584900122895754948746220508005928499674
2664871532571938593338720417292392498922371133709400356772331515000122032629095812591254159
2422802430830186555323562179382814168720109944508383595912942065121297776786042708597071871
2699843354962026200347836508656512988538827201366274209486980928858749280799084931081361070
2165098060430366479083518688080353327593345549789641360465300734339360016701409708224670975
3747167809815624826004603237162379063160825922594182755991453797379839788400866691257461750
2199216452304938108912010980360166486585338855520552054487185400193764001651791009576720067
3505607505450818261384588607137918286547145493191919288523678073954613108806644798250770427
2306008586720533923610242089870125077299797254350124405797314744498315155726739258237494462
3403429339974312689934863238480012601659869763941994991851631163200556040889827487684474807
3700579731933507681953167213143309239665151725069053340136356635257732652748167246269603807
3171172137796294336100461905089766847834979188542234978945602637291067452102970837581135871
2722710580419166649687628803151922212869032274193947157342431294575736139034787272053194731
3875113258554502548349182019437254768868073504249508285297765914759578774281812144853873659
3898805946253395429508871146770751711022622827871825219712614969921514499456703319186002815
2193237473155057846438093124936386019931327360534266263949682943193289735159028690842771335
2829204041621833648447591140049580778377874676513336727540477354342483732453627277194466935
3610625527993176250617837449529656058366118182335735400745428555301049586839316275695117475
3560185614263319413127528387942397310323861417650184712358071766892223914511908551263944103
3490209818633434318982687275251045955170474802399373645009692001159795174726485130819918712
3906713173599465109089421180635352752782192678129524995030874433693122995917690387371384828
3847132396292080385537809898196397008417983627544106459301737126387403087328202484871069649
2047469891545954850504163850770834735181857747859088400576423369651714977113003148019255050
3222209054474660516201178521661986253347223034265772424551994139557583145124826884424637008
2806754825916562465928320084905248131171093647258149975793375442925305219133112600488285435
2841503118436074671438798431924629512423380283425780897862745367042605186746149532284415966
4001075903166339989987636833226935871824519889804272873880660619897310386625327070413954987
3424034436353155041039531618417072818044009211531843147376745435532423752844224691842314621
3694524410310339294558092496682383576106372273354158406268142309753049210908671975716408805
3762094059227919709998240303850441174550815307284186424293406686918855614888983057468684015
2363415749602939870772421865222692920682877261329498799604132741277495539329678009714865661
3613840941428528924163829641430347714635136042420463500852924509996240460196245634838157051
3421165424680418875400105279675821241704239233933060676117562044090651212527463133964402671
2710373945027968912786667343673708067237773897398968469324893067600781928119713836928776123
3121160812770083239427753213818185354098970203442910670189429145599950677089686318624331442
2323753192944448907059092309678085591906607653208743615132962045024944377444507747803463158
2178305957805953509156901830722719933677890174613079056307685852348077916070986979594093214
2370790096446285683756283790785277977688184452949368018956350685953562296010451333020647135
2558230059798864629179362513943568961126564433823347061515774814449488870604444595198505439
2618100806526267831130748220406998788452695196214506712845296368884501321441999402911006108
2594518568826955191675505054719880170604918487954446063602979947745874622639199740994839023
3153269173910066212136968962260064821353342456305677319860912366740183410969227531766456315
3228062405315632192330431758402729574255581759438688149245333193596076001900905536782573427
2279938764607874029177698762623460136750471840233498991479184608594197763008098066402902015
3460836216127449404395623589216546765153866314351156800624154569668302753672753119100593151
3185572246968160516246728886444186542330072438317268611449469818351793572816965424234427770
2110761245743521322173409748649627469138332694481108505772803783455585074012694713345412121
2732689540744466791063687178940588104265078125831480202161752790191234807252912996265877499
3721952666197407650780328886371930950395233791854032847234400241290435440269038779587623407
3845136087127046479234349481425999863924008296617447686669859942822233838538311181837608786
2427528443381131420036555815515704745379585514209476478083299966847118925179619335676362708
2508586081375527073711166861141496514166445199044846864575003878523274747412746090502422427
2354321419874991150187743540647589395213234286847871381033105890557928218192250341746016253
2642197314160092686116075669527044166394430803859789226347522574411920286392705545322086399
2041456266794118121283069466787250865473909307782516327996461199453054857227684996066050045
3178537337751941618967734275211395404506270237634971203836782634402716574231320016346595325
4023297301776885349597343398388602189143680434257540835588153502258045327018663701363274748
3313642875044957107956186998710294497645086442226827894740508385920946787035508767682072443
2841971779976627355186597550249644027882857472940133529530982566549576897036428909402390507
2876446941897627395369999266084944344938303275446671796224921804734575477926020734156266985
2863175760912797075150000680725560843773918785501543627590249203753557139654466596352586745
2955706599034948417519588060467013913630115124176257969622057039720272909764270587327266479
3868118435707457299719481912371063822391503684060101439429943065448740901832047186279383039
3413101679333168330071308960989511342009681009311868292703025489333261191592185049793936379
3822707075832972689487456291720013424993071713063447647910646589988453820074072261095587535
2296496115841668907577830982512545477343447148088153223969784673668569673895144319667400135
3477188519603937653151125966101659518816898781988111543306312454384878747474572076605812243
2716844387948538366684960846413051311331635575772817645963080609022059698459426660112662527
3557090722510623977007942195087984448193523589219084491808755771997004377425245130437136335
3849785778225584657926067791913340505271973533618964116395083466864001031560038341071731423
3023122869579335978226269109306318391332571777749463394697415983829633455697222230821305275
2901717300912948786513501537421092737545511827693384086068050092931888627547207158418357247
2748928657448386183108030332659364585629913243811782392868883395903501063771231529668496093
2471398142968804737492587414925626342884118570303374286597012247608398627283137073510334462
2227098502356193820202216562991600384663702375764508563004280119022221459063776913492277235
2297099047514372901848403760038271098592138733125982472700643539520652931851256553686958079
2438100011719923415359970717833733560690424682795110042913877417686708513127773074846904191
3608642402477336222110384996131099007120050716024333472661375850128999497609182879460227582
2218258907976188968593122432328924418186774427139891381117607137011499104224769681943035835
2455108709709024469145800501413102549453915162162243960121108851096956575940242347959205375
2600408677226165483812581732285856736021407556649908495557750681555653667890289989512017405
3592523005221913960528471013745255603156676413465969730776112740309968011110951297624038895
2525970971416487336269149410418109066620986493531166575536555918253049731507913900400050157
2585181374847130106996137145705007677332964101618919515818065800259605422947254020735499757
3200696291449390229224716787693824270499426182884698973807583934591126638063578117952262466
3291689181538887639133448902550185950590583349651099944166669795650641059479500828214025659
3019846555012584524343361956126485469484605854514482366992579887697825372638677528257228651
3177621867816327505951780841400033327421928963997207392342652023831054823600854198886850495
2799367378663976862544391726994981663796856194876668572171311149949114105413195198792715949
2911589088074032349194066080556426753114138788570255689609441223338339227850783049426164297
2125225243322796315419390635235443007711792361422172816904769234831116309586868362392108927
2710577331749727213187233511288164118704238531279972085872642484265350705227519203588669197
2693973684760880976569508575892929508484910618799318641800062107502218167640679599527598741
3124732734540250047823923579895596136907845149296087629998100749499136939084407411985324996
3513951470016309936665354506971038609850830961835696822492891696695893568448438615173928475
4059576766272435850210822828202071588483695121917036261416199301557231813663368373178763151
3863543500774872686194391419573586391190122260298885656104368127894630924805045039017193471
3239569143375513745007333629425459456407173845733381469134166958893289671377792092238723003
2964706217383860601292623048466099287763620641512469648910454806904841716816408697393642845
2143639382218153206822397966442181310847066191872872857174091507709707560041731037668048638
3809142734170865533382455059645676900608608633482254004468276738132193415101978902091579187
2518970569390965807470375319744392755187318412476470425874985570750035723916708140013191087
2774466221963832938241222944737231727155130919976536957026769377568979629331853696366014455
3771153926246296501053728617091245058770927972353716749201498604905771063106932690925383615
2979712587987609700012372503744445420744615619096506383913474118529731829585762199336255325
2420655484379332022696611237306449883876708333993742527256565679328371752875263451342044795
3366257543167584241999971413705259742632238818213431969678149024140825857633589433481322491
3619807005870453503511885662196205951833731929801078171085752545721289081502820106761600958
4021791415092642699276065185511606641678854441483908518500068036403199944084715941163692797
3814072730681287414320321169598464500821169202542610838837066324034733580119058445596884730
3867869476395160679268591949402248633783477164120763731222132558484235831199400226974596063
3900027150654667727520260378019720923361301656321000622380276812049558508029726690651548002
2539823939531393559864952585249620100742626550927864206990899466533100049412382239381805911
2566377280477765535310165944125773799177957518714990403326484330712503579280527102132023279
3536302339835533929445569455884891863206736687223426787325649043469514446045746291292110718
3277034119973881574529694211733215133716140191257399095727856294102311070440457485867163387
2530411725668063748149924487217474849704312035947923192727018675591566502548472875427257823
3907147227033068059628955933053477892507984168898223556888076595872543707022724310136515319
2437630791775899360586776406263171925297183255588052581386456547750564840077770193293074431
2810142495737400473893203299579279563236982931847021573528125674723951912691891202954155517
2438755696856104909048853803664121228329692730863130666439245289402290255700285450125835223
2130280918586967381274150076613120331850114598864751435822582697341344001521056020263075699
2077772160183538375317207811230228374084913602927355653578161353872650168875118915176660986
2796288645365783685929835185568084996051826544116818697263059233887057283852990926745889787
2293335007775657060331562241813506513699646634560602882399521666335074250341854282579438031
3052412704962842288519644176280007477572124657748993257719094945236240775374521966165687285
3371336232726941976636551581206085735100989009570583472394903871473298593440422093580658351
3129370531298869883908723762999543830802597815818155466183228666791734159641535444716298207
3033002116076264917497551910531016340207515715815493971673865615170976793118919755464359679
3372842982931363304087414060075636477780610296799284140233022669602889443766596483688429557
2410568674240643369018290191270994677530181553545082350666777220394452974319522104829325678
2053099361102685913587853905035424653423918114868751746085408896966873230133078103827021150
3355699127123082672144101632144880261993403034587229444846352249418442268345867052117309405
3859900912980919648173365849033474799820471460422521148442694462830329706980988829900605232
2834089129744073224922897319471184641596133619186466817552931893421022000402844744108957695
2825649947344113684883565638681984222017210860692936147207945330877046761738767197471243255
3640983543452346280503278309575650816120067055646162282328199428313098454918664790666248191
3395869953475092542869101308690156987105112311352306770651305787988762389677886276294793213
3135152515439183563038409062942454317336696691249771026220354662351966816367546465750339071
3701729935494313723159109104179224449653034634800087528894712410210042971960421929036283903
2187439352197124195738094918454013716656786368841388001956335729853495573839359037694471647
3338627053751657853752043766672602650642409216728263381358075433646869041556666750750485753
2620895539059072017944625270936324566586315817049770876091517977381804026649705638678099791
2769612841000154965253275962176024642893998261243990621662312183944456180969781233767677947
2916707540949725813563563130649274595726176567595144344383415318697214671025762488467581951
3655154749688833809520655448467379923034645653771214952752746053863092384618199784140832735
2300388967016688456774987508239575883539877933249225967822638336626833865342270549306358263
2228134851322984555363997131488443305799547395766050071571621368920987943237671312242233341
3173830927018559747502020091734623970307863943169994377693375212480008171588005124953321471
2140329092833558979504018249266903752947888536794195718504942168830146954292046678772930559
2271077068428951728719262705436088182035720282901066458954806889099927268271395440930322431
3518141609466849306856233940283436053434234938822862382775489219175900191595376658446443487
2167294338227439311807012029829642966956696818566202974070783471716860726775642675945799679
2435051915954794859762131426464150657524782523730056534334315679392767133248767121876811375
2759610134697136882343423084203300834331664136056158853947204027149133571878644289314954748
3458852382892796407526720837557146244838011952610643544560266982442309621735609616708850543
3940842813171154783042974837188850300649719393275857072715824602695540041865568001594153958
3456489386346069972323690783990136593689210158786042868756806474668836813823978249647947066
2644942345823564343305078658144823068013729057645918598124674863784652159754961449965761017
2544503010109282130621481729914512071307141960572893554945069711388969335083985408692846575
3422558068423519000862829796734552595623716312078509315271975213240809699752516502451617791
4057487725032444938968494799444216650806280009186088818500994714091945997197982592728057846
3480781290145509583400803838918676634502443500289567346888640963915341374315592909454167547
3972307059490408929425162356376064582094706813629029672453363160823798454896825028958859135
2204215269277397161118012367648479437672578218183148945283849109652171326285504951181451434
2361740608855791946999075684282333095771933670836589509530368660684529302315722022394049004
3671472743248231726831974758098802651936047621279630680063782376387410181636195842346708858
2825055569361181014666568403143531596397064558859120751301210444087235542997555501884994527
2483584961397449869581184714765796819938232182305423983745496146111302480799161942164368807
2679075638857219528574740532023293318930530476806310347653700987846686828561205262023131133
3103342841503936741459638152323560216856812692770607016119557603993308703342995178813849340
3999135681666740609661347570307411032925459107261466313649473663343732872946157377724334067
3771362318309044609210352822496549376927345763348254715939163689172187627481591742879236058
3522716961614818269033133518135490531381128893927578370657108427436122046804583306569444982
3546926652388910772739603619237330018521085075658038282364186070388603804322239124202049406
2255082848214085506985496999573997368628119406841592243981017790782422970644201582912069595
3002926319324425887014377713501336783266594644754708813936924067318386504297779579068579327
2434927622136773522131892006540519070200297866605887859364674505176642853058472655925785599
2050945044004330959789656599287230715784755817154153384423357867712458704292915861969108607
3053520750234019645057110256097808754998834384020775415023601843870127400146728580823382651
4033923295345295241436528595837114955164394773520859247257094875903216796317124517224775395
2320121576736476741439242927081516245659867791002511552669131050263998726715054290856441776
3524734728002458239517935922393153668085548580917839279903795462800234944049991995292122046
2444926767916067216029830069812874892499316130545905172856755682756107214565610158396355725
2809662279515177541455084040444206307650571183957228067902145095315618907181134337664876477
2879933927030909178795993657918362496393082258889785228255978313531942192111119205461325823
2332061582653387279931240082404135769580244494276735343893425519235598189865671117377593539
3114864845124235880516603883973638229653636248621204243569035153653745054191705275693395965
3843392482625584848910966560618543955141195668081844585874326681504806313637906005089843199
3874415131361258724080956547265111067767386614923160419905451456764477938366292016898686846
3425526095845079516206486121058403617422858413462871957088627494088183337978905495726569407
3024874471036643124112820371646883667395713052220857269281013324407241158815761565018931175
2524091904017873988433065064637172474244906792351500817874837953378220515562991559680718735
3597611914604888125208999668358264284224435231420446415037252902707257857046024551984963775
3101510572755724730784449800873665978272568804590196830685206922821916627340505665608087165
3716243687672706929256259037488031925409014344836365968656187213969331696406909195368006408
3177107846693219263141508783180417362872204148188083490392226148644972743778093608241946591
2176616254871848841166067042917059297878751804323073950803482543857883742854252086975025153
2334337117009082091282596425906716621222349577870294689427885422654689564739399098587673535
4021807120048332930659552132487722267134448441294754795524319501867232560681304456270180319
3291077252153868994092494364609925855708600783670590386558148491076624124099183046830259957
4023803376446630179072891617759092228321468738746452388228487184581818716977659252937064147
3721083243111794631240070010621567673236052952791381698015026325357711658438430901060679158
3965553948288584760562601795029953471950186580630127454942274453825087215482991409109825529
3717786772764593090313015960663179336859195805198904555176762798994374373707585763263085806
2846069577601151402534276687099696288529487476425847117798032965420955820522977365640347517
3867532381710334308924808226645276101210675123087456326899970315517761912237208803128826868
2350287928716319576924381361436358548365823259774579532241019196961921154765549073099325347
3728867124133746059627060824857902113786826403089907640839299632736556109832112975977318720
3363213213722413872220831444308178715972053584115620489734780993554593796446635457295153119
2808826324375700942400996618253057394312430305470917553200566750079209845812460918470076991
2997562889786034727185264047827574204901241833219451356253890231634906326270845651544625149
2932512260352245594966249086394454758762607047747296519845943633500437184213940836957159408
2783090032406234683689248070971128307768129233546227762055799834727207165026612037456826885
2096833396812729416953973488754704833442578532236159733102750832220406852362094794053412881
3224751591850131999629533253045168845068917760048678428776927250498905455471418924898451051
3296561125607912602858274178477898291878555612600735712539526213639744459631919130817331199
3907100609196891238186853060172312076216597491753877138633877233944602544684261436475045615
3680386132770799675230402721512330844276175352530948478762574498012802131513408318654773757
3110787469683040139214577035786049101500473676614325653976230381483953643922313530184294399
3934481949659417314466598909013043409143183984205378105868131706620693231680817938393062247
2472826505113065590530291103237145721431939057370599483502146078466151573419588953944349565
3000460481801939216414580961798592125525593443878097303654051751496975280633314035672021919
3121450818125179463798865928927373422895061573552822412413970413374477623641799322885212236
2796913693936736648722106557292104699915866790389608996874604509960578850872902257966165978
3759003860327607949284357923673323251537931686056670330640369957099963614342432320564423926
2397988744699901186746050803433331522582188980485524298569453768693350704418064639972081405
3090854123867384560720824337970578965331474091382888994290146482294740371030272729858162428
3741023689078481739432018493288324637950908893968912700008132538081023298008267499551805423
3753467893614698753425817960004685869687504993186716579371726670122618856584746581775606712
3341040386896225242159835992626479737202636849978753435318395005226977269887730102120181759
3594581299142355482651555161231248657026605136759280533029087299471141652055513320246209023
3841424449443766796687176234085913830515825899995117725468750886210778339041667345247371263
4012959958482057293824648666734303526956236731250902581814900044218122445163925731152217982
3917684328904689993382868488350503477301910430490583122884251129098667757927261490311461887
3914254416751745339632637946823662626746771379213517225466800768021339940502215957875793985
2832901250009061132212003609912430535379376499905628578420117206980582937387145781208703708
3560675662830108372440583640843918766851856395225291416485490941314435039720630879132317527
2941028939264575010877100702565534427883472388523772668412404443272647283364433295481698187
2213963086315975305005395693246345235711799463968250789411463618144386928473169995100103420
2553676840035940384459959992278142683524081874044246540861494127325580938577328919881433087
2992380829066657817410209168506641165894823594317832863140714774724855361097508102006373355
2540309482333172977038830308114203715774589808397677133286309283486427853539370001147592182
2251615310853707987140621635815820832983330587128834139555803150428427541686971613757566707
3551413953309654918182413001959173175384758956956136503197476046620075259783686261656687538
2700817889452473735375067782323308625201824935264221444567926591447123333189509023119830903
2233977774982867217333211582618984127870284513998274383078035888115355465244187472156032751
3151467185124408755487393047291677613193904113093559172891451919891987547349243011058104285
3649729311977043379586673167592770703685646362455786136494535933201904727486719644716235775
2547817898804002608066536917738106986191275464467310911510168030960755450817582055626239835
3158873617457131046622074431830707115227716418542766273022193454296816039881238366314151818
2705283969730716402441518784047191269729049499830180250579363227095499089738942573436743682
3851041274120854960589595077568600896813416912957759109853354429742471037824685238831284223
3664439785130749682726287099382824769701145164685804934010542198706096680142940282319685921
3794920865593253725346142262592974744805923796839236449096597298538203811087549105086393053
2812938381032316388070552788174541122018666069793786827827404295349154886338427908325892095
2840397017691977881739126956684251968614591160100613265286530997658901086061583513719616475
