653363373141075823404603180879374741619655817740907994577125639758306778375676480354221667817708054566275471438966784402361577844185765448495046500951427730392886201406350639395004920820937929534630711361088266042655199786767319498945227950992952601245723466651943313694110500104200295341482329770806065651242902739509573779633855311835832760437373022589305176964726782
577791562921138390095557129104057240268481470777482092476700599942883955279988936264427245328105032218692889963529819554306666554921343866138770573079637734693382973956436125938970702632078861177353487618964806241138470509850046510656676697551838913704092018468738794019039915679023267277241683238078227230795830582362449272983029950852737027218237470747279408611916799
577831272707226416646699383791709422476580259636489669450700124597971853253511770904316314997904784124744259211634106211616091758551966204947820613743102160237961321257271102665159672033333204635924845366835151489853694217405916984218352667830274641059232252613380907646279718276129398800280246641000437998716272782337411501917825083807571790009535070898505897771794415
598632567983916236079089754276970655132572433122069245332279540106543214716230973290476677882849490668245199624575604749229008261109678543363234453313160374652040401539097688365659391503059219759497610841540042061137032194251653711347080141759185086798488422030193308590562495648620572689726485288899857142982926437937049829489383291797884609117130314513435595368824819
615065093807945674995921667569098930979682207135100150358597682638124799768888611431255864168908219901989373499701508850130362469401619828344835852668433192073150006223253616768838073370699578392674873576184697055989389156625664116716736309911038523343973050827673531338337829246172561851820191580958734123901402494599928972714662035158996377575859928457344762414891007
686649965496820383017054309954251017641252618452681545732389959599123190093560425730984116922142510514382505802297992625498345305436123791828766299569439882900263863648922031829385681988166310737480279515741233050871899338410415783795542620785145682077264028963049271976770516728170779211386175718390689299092209547803761789903147306331899092159498670218443538667405311
586942443214118794986561287961949622050142669764214289900304389506011462033071178409339577052038902378892342061311528978854882125170523363712916435884873821750785929542145443887723630088613515017731401198465672376850716822751613433052064620027757566814272420556589259393743623592278837715084353636556527712049718818243718767083001625425130265692971872651311142357958655
722195923653783004673173787999486730145470833068268338355543858573469158501303435679757862201718389761346822722338889599783254768500256564416922252098987646709845007951601352353772645119139197692677469006306503920318945001513743581686959231735208765357827768360818191507437441376323857428814589333996797763912900836158572495215218981856783172069923072700144391115766783
577897627480990800464022675082702756042425193482790636157306558522516631309980100746099450685573417111168785557684986230392164048041937924128471685828116570367128801609410575373751139662104262071096636411085508792464870609876393400647908729225622307835616314383628371219398178972158102777250672149017181535063312400901068061821484668515418942069017023455521017031540731
595881713640950513091164190755788357188450815810377903535831367239890305649951713379907695830167651947134832810706786524437948070005508160503826142237076483660203715794081957001683414324951153789538122714073456754404642772101129383215829691290376434005877199116854092036177059567618319411198894811904858916652128463967226058771804068841337904206980659362709424685711359
595881726488930412486863849082245648773034405017640850421262666724894236575851826554885086522170284496928108599140835928939862047005829154272460388108573965750624013971092632518252195188653408086991265641439808953263598136582812579404952357346018386719548185917732205611624852340221304795289322200261166509955750370501472673171495547038102184468794033853099459940966391
650557833016719106693365770948048957449289112685664325894706951524370810177207447024471046519385412390216741857654832593512190777052546983930831800890862825421483537515276673925426015629975844487252542042659323719437568026126427541399348585380714795945814971319713329440059412987807255607904302988292373843869340048294493180016862209679739060807557241541460584210160895
867763195905628307628095354498433003967963115574826867979035716451353976022734560354140284594335751235926176694597318415800712323655442629734145616618760369595520545758910913930719577323386467144721198530565256434225198204008883934479390262413521919620038911381902588769116939284097828577485229188762142633686198589508708629413673431524262640824473340784211849021227005
580013236152419447992916032564293593177175861219547415156527524683082232788314633853370791908004155900754189559080800026599670027045224921481688837557220500128012714882329441327366469593513441357342879532347111574341385597412016025825155714836765479030800422142024686106279088619612776553732604861419336869283227486825116798924237445622864446801810182370770985297117182
867251566030116223027993546372223920382219437125851528767494964386419905793002321086386421930262021835183831062585402198452123348433990716878487220766565408446878266109928799518291279966009348157921089822972898733151787732127933768009030369111494843054629758050233529709002536962183677413219017467043147059946215830259135180288701212472949246109941887261583368077180863
618944278419648858305571819863386865049136668700284988152683340411838896361920473528974045742734223390138430921396499299545370753294383732305061848567863716543895142249407668204614867255624945853891594223137019074453506959875437960805072169819853206251948528325521621404754841445961416914366326901068090472847497721321708646201331674559958562061428598840649336519376895
577757468920346666844046955851866457758654022197778927096457510459589533197014333053548248258218718112777669712662435064155712704999462681248736959205894735727584872785596148563704318808078407341605549774085431987360485664624206623931617995748169105598463019644774129561811207439724741945655142903131328258803686805064184365696627191888879331514733125124900576928194495
577756298067961670086212017160656987665140229805224368213756765938945346259488844374958802995219891600500389307163774024422685845150683755841939785151467443660584034965510102952846838013209048495184907002839397976197715959173117753613034169843604921930967682247075040998811246849005248714840401236623612005576709722237329039906840228513009059095003700845539500304039919
577756849064544830693931417541413430894348545818525124351351804708681466895359811891620857659293352338474091031393136697304074845620021183564150725355342014274695499129649755139708467938585309459250817176244323752461141501744512092167704895282904492926013228002306241513848574858869654081564977335363418500618325699309715320048978073042686176112853274608957534040358335
577756334120191839295954520456232821714468928162369356527075441160911400634328318095873264134514221931632904998915338285228090019104798620381663181009972441561619923945680010370333670802573298550809450038609199150291967187517548464304626785923489570727116220323486263524807774981293668271254130728084261326164851817138733177431436518437219870489942312794056504668841967
586784015783116312994102616709135892006585383300110505055166122288444127090230735742346862054744815210925746962980215182680079530947950833528266843190833844349072885087930837969590960611658835319367706277090948318105679531568466605283199293209523459872065027277383747382178949671696444940228213135074629278682098052696567825779224471574730589801282545050383008810401757
983991455601317373573441118309275541347964992197228977985345092738198418711559786365970126825447263912824192244622526004043777987819978161155155718934461295818530367768630749562731207713251482269435985118229236133594916272140009930543390630378445517107850163501569796465736460476275573730041901738704453913799045772260043661761904033751144751609998892065866794938398719
593554321855841767635302408011165499732769335058208602357501334939022199361253853340984928025740909542906617776283346949066096482284904028150239046175456692337796224856933026850989604256552797976491759827120780702346445159731979728388839758736650865277582152633694093149081793566408815625496120054336376077198216661999688511291362749892542424801083748413220569600753662
578373408368585291186964260427792669749470858379836895468219873651034809657963011184917224319519745336602235013252945208771350188992050837671622861024590793864777257511102423254139572967232799047417889678946309500638153226034082522376862314207221017812707661913112949628854099804026905993967453476385743455997458751482474036122044380728649983924567452590825768222718975
686121521786528698529892644850078035428275101595001309556826671446294052591129236335986127773948431398144888492229331922959709155720482227036607966087562334161936035624089951883992380999625538303071447338255869415477160459249607977845695542394647869199472895679618061354378336177545858261566474499508261055664238938692016440342777179322627699740535149671715540773633662
582272223107728773335471366365985317971791793713864945045477191534513485932353477995808482600657287961000079002034880724499111715958572692387074653028360773789250288927742687446140271818495187942368311743722325799112047019922605259524626977117977823540848607782234348741720381266140932463049148176451712921195998307730064285208938446609860574275887045876193565800923133
614995601096259763856344211186720416658928413647139691816385803062177604373811337722186809253113903679883261526988579341923184267533088658523255727176723053272510280202339113185596899489531128069322208938532198201118278464040951405451487435663514125928133111627695763756560633412935566751608330097385727688716428133339134482762228960303619879125835104024810565343903743
582977517852947004214591599516700659295168771645750981279952400922601231747929285270770549849793397759970782131620710267129560881449331098405432008590549187167680113509091699735570627611803064081744983400782216089611336415341589193692197683016458887888138356882319615666765100968006515925070917829012886448811077821541015094175861819594711597866983388508360906368875518
650011098766718625425141735768667899382987243236371937669861083548234041240005513414104130242610505442953930102353943340371462074438049682684607575122634291157219519937736415051709424096696310288055940987950309357183339063483559449178940011233017393610142291709622032452964842546447069863036456165435101366053124644951506913607095069169766855850732275109196321001570301
866652492060509261008671372800153229279380169267889499275445155764256269672633295497545655040007074727019152707492590161801568303549195993456961213701562477748380118895064938523255882208481706930728065806132037158003396715738314817094902661179870886849154187893104754897356639239612279860097182728429002825083083982977305198959558341343255101269324117257098464751253239
578906776595726411588770175078244670225128596029334176021117332189372473786584735994769516068632545713226402509338921044565155777817261551426990664226078382474642336445558003764075377295207273348923191333020982151611470554690061184743270571663492613271775030026947761790628322414156528253403416052524261971540236764783887025304112817286982366407094478353382184843214846
722195546121014522600466311754947694886354871961193683669387228223746933006955805138154501723519434754984217757773889864724552542241133623116871135940984755763277074732191802037794678878699901471824312952633053461532688067792041926593766713790900985569728798923823735556710652106912090618247114384835354533972603278612360429971278034038338213308558869586853775550709757
578977432627849652181316301549221510059503951014000810364997975848616489432691343545799552767501810171069960153297138189432473297904242314011028578753625022734050944256729608876854035347159636034178498615004250106079533292689888045286462420251909359033929499607093753273854477567488091091712448608346368745674853646133865510692027218753322322978248809553219245312049151
579467401677622555992600867489087186689450236581857432961451088778525727643706111809284782032918336285257787856961265449373026192810804062193503278723867780092672638024997535892573003556912013956216044727699188004798056045561876923652620695878952150919287013646591101632825834629499520631182283272387507469411555638947889029585948428373844409540081272281286201911015407
616132845108731459379135727233512940504462147759868434262322290390209157116303946534722996853246729122640040339183355827445771849228018259013394229893003260630411523862586789013598788860619940297166565669991515654276901191387634237693633085393620471697168179623434779511611326418914239680887462714118157159977425780446885752903789712718518115731865036652010629477956574
577757951045127914604422026356004732943607101077259280692828305068182968145119971256466175440520108668001123934393639330992418744746448651511094610701917508515642464734342588459897315956574103083698559128148535786162026792234454112312055178373662136247490399307782651033145676637240958093479161952565764761711596660788083142924021798819092292936088285221509329825300463
616149374815888792512563003115020258459804222409159989169234316919844796142244062889983959769801677528840938077700392617523708999981845864719893092247165729263611720886747902009960937458681904193451345367084658808617079674728985339205508583063964181198353653586509502012793193999325211999503739796555455251803630026652587677338177488508830692165794969708554049979154367
867212092642973663715387604653855814759018720027314284167701429822297866906831485069944220219601211836538616732474072802349091492374523921920214491704398680412392094157366006846678701409691988854842247990386848194331792873369616200445774953822689186071717712158798005742186762965147737187658192546356798177876505061992893214319181928143060978066595467421308058312113151
614765353453508857150763261841156168486166292641659957052655139793601682229949809671912256241438588735973179668083290220807863377908678598403057528129134933892459770501181476669151845145969987395324361427237003481145709898915663488242204879341350899750820226087378483611857875213270784580540811254041277983500873767013463836615927494332777701966417785279136311270698735
582569760588609401483892267041024060539453716298964389435180467435995850419747377098951400098525191161097621489509320249621665877285530661651590498196774880192654290999652989540340992037620487824609255249306983573281790702032832116964973703314223735097331751442966607049349732966020430179617842398864408204541148418861778414399360075871029556628933107063482565529698303
595811733907628187807809028298794060373956505090147301963818406971351047630994967212894637534668167172617780041699609498522205226758965645000320268728830059615760989415407279617971959142622834829236448459808745555255738598126879922758240528997586841313681638995217171410119894760213273044231612453355045877448292994064391148814997435320921347853002345278071986070749183
866635559879260897745082453285239335416923635601247023775412444699980327385243934062471506455194797863228547355688024579004996126168173673565481798341678007072457432870106224518106311659968132351882493173759978638959381743666924995867406012744397187614177456770703284328908249678963847793401602654447219312056610036539224512834010702216112385387462507639065279773801471
598209131154005578751873384892592707199046367103753858086858563459652432191758886099469217076592058626645370548664893887669451898879143299634336166924944981428548295201604263287225364602864632928840980973291442996424726539458635297712558737316162252892627411902368475528081601669940263737242556657845297566813423611309857341322228307400786211106565047542938495705087999
867058163203046130853524600749365942134229936729755739131070632445182894619053031267984100683213525006240075931778317049882762021707492127196608632865950517917082913162364161032378158702508232876676865423033631385095530249837366570483757803260981844455825683783287968685147730414224661610105101072134396970172563805325787160010767930122515072596410805276365740562186239
577757400079607559403101619115570604741771216576301830292461366696063400257081311318865253959615607516908395108282170900686079217556989513265738685332262078543677409465269049521360964555748515806808850501969664605307070536061731614226113092410609494574833819702595412720921743859603490494360871128731559986061601039488227032533399950023657973777848892609062248442216439
579069861449209466344510453254027009865961448149242098049511283587380995497654887679163992419984163843186912684587473976506483354175935716098195118073145599944162453789706509609118259272817245966998468683062856504398702937011648077701391081847516635407140784123057365791492331499700973997586034293478540733106718378302190907115858665146646947718266928443975092624390904
577826825030525245081108640388667159172483705218492717882337827409557399139460204772345330914440577555552722245020839051375658259754177361941218468929355949059508833334730745964381059874449176555030820140185247317588427536920505040227544965181666652962673490880526931554792565863473785485307957485499085541639994401934294442433564187974246083789884455291719636833664767
580018289709025828360958933990599326061141194484780095667736089632387501691862379868639140641118764662992263947474355411975135295491224497655219665491340176595456726851721098462526939063842833176931231686843040497761909842615127151835468941482657305670306109438899827398376075673436698143134030126278577683622736124819766951482360259751875949271972292513132488494678015
582287650864307803166453207672468675472746449810884060493420620064526859158383786866397334724090967042203420874847140017765962496437128760609117043731904754002186792547588992454941938624212621165216520223374218453358533298031323718340395462929617457178900592180210474186630445545643878010214790774241859183903253478607672328184381036714598462775547668833302587929263615
598076884874698768544974568650568884995313485019235324533547140529557323719341034495871493646605126975333840481922502418168020591928071745064447516754163707325690922064273782269845605917450209764038513599660458233319136232605765335648323080890356289452820334402702996680587852166375102575457880237914172173759766096471030922694160577847879249890015766950661951042600959
577757400316518470303678342410181969526524931694549112606218787740269963492227529390948655984204850469791001963706666668980134449669406418191678175721755231236994046065230082920947281789840681465592648474470247617529964329558351263081983192588380453284221472484182766952535652672880251794309247021028710557727634551835868960683996276887311624836451929278452991923322623
731222814735598444927729083400131142672957760522833239732140187000739930130805117984661784911030169211342220758553871260992513037201944573014903415847365927967359104607006597122367850861196588471983424976799972397072447260816967695483765550588202620826689643948004102509564586543208731267867273862595499146244533527942528045935903869669625896540727127973613839285485563
722235061241039418913547803603780875733936768183073353169895329443260310352118486671154587322067360636532260946994297456503729257537182482298987622165498314503797902766540215656842172287688707840252748353242995477851681983752384186506883838100719932241572770665619860085629294106085696169187365199979057978867027537265650675386002661087771342790591247625811206520963071
578038427422246173611944978732608166885665415411070775920674909067153985418567255216338796067575217815517070486645619670313822118585746861301716118425770590667417672043661870273870893010822791738953196167938994964589173117281132877722997201010087426552226111569541941490963124224053815195436139228144477717239372217224230465212277657728467016478409175447451999278202871
578889279433734982845974677634551543042406617459041461723805174168596006020843878449324334868810087127978098373237579476241032568236885902806352474334452938668079671971591479626668933092432469617474985405423684081574443445438657981356334561261070932058252847571315631311796944125593027009386229849095626808309484529948433916306815726828131976012968770217628268889112571
867776309930048479592501877907895131729318324672910960393470172731086141754674326283235168338743723901468652549134518391109809481805831898701859141644712106251218754194409269624546736888533962779446809487353230235354635280559772399414298494452935374109029588037991734026067160407045144291385157445173226060538636793062480884252559683744640944574665861840256405415507447
722195650495390259784109958774185212541023848509993174177207206350708760233857286057150669882028604186565881087653064441264020266639879940065748389249776191580723050144378853768772253832018512749310132522738428984350683792482838877271467222095518181582954578486976586705708929884200168758984415917836231250545899526636937371151210663908193174257590849836028731710209919
873475633103918489686999257568721568092402968493974651173169699661821155514222761688917641085868318740329521174111863672455864072570712787135794625403037801221150210842950254428708917452191827930047281320545825450210211842106175896138974871347097627988326422706351934853477167883213105165359768861435594396200744684988804791886653924860370004294657419884316112449437694
723116632255510193018503485004789420703280750931995082017758040054017961176430601814046278675713003617745870931572154585193422787694352177936723064107540539077065557484659141137653910268699478326388714315668941067642518676824346133207534284211135206172466820217589122061460418826591405899267253409782510170016904919729842443685759841309155785636107966826047931890531327
578322719316254870384610811016075372024083110903201086218738312133436036400373414795546951048542019297341567016156254363167898598642195270706389773625335389360095127698614751745720624661040687201257976811710278713531754645702290747368678563768847128036271369690981799207403543937298426797803492385518935489971191500022934612467991110051226591371786324898863758505410406
938872786937748270416762910482347760981536138284919985438083174654489885717443132781476565405689380102117225981587969324606887840507912891560237091250948056560330497347630317816960420837156754558988250279895299724449758554087313157594361018427804503547826161597934351682028343971491945933580989717167955398054082939026298023099198060641597200201869267756034887756677023
577764013017644061848811780211541735507743936565665053193045556717690420455228135655870988091820648012900049440197255484863403485019018302802062612484501486518237188972749846370665874276929475702547978315761418168003813011094554980269141874465746836536034310921823418979581046222161852515249795515215023648736855849889978511890305340072158436438752846177907023311536127
595817049162061066521276018109935861363783868569884557906745709515001953313629481105098036617202454936955360745477668640266978788856722804218145444025711079625945910218518589841657134356675733005585176348655933529761102543890509500437273155019632584150183541454803427785937857764466897565512306051999414259366125252279063920423000190017223375887977509968981166217166847
722230637100447437645124366889567028559486948913661117713076790833834885660629931226087275820244001810057662014689656999308627968995836098913374420135527688198735710402830653607422964130517175397565649525904931276755877941024405659578665381299962443967664338850911084503137989723149093605671157827326756341853357838439880142128133540033904222925212510241678223086714839
867207549183966281652161622450506312266503944637255064182233991360990332619413702512595309207505769778280866917926509386956299341339155664476208987943463221942672649675730873729414730315850855561260513528638272630245952898049545378633714638266670227998996561133268798725081212621421075073537133148292277425527450589565131816260292023364858741785084080399945112248877055
577765113924174376550269739483952515930353073459373600594660174781925084639826744337621191462829625155759362747537952656326531427358456056597702369315215040848840455726983375556711349858685713927173546701437891584969951381285480657613340951394229713150099355047097443828845015603843959708964034641794823855098110492423513035084148057803414818659846885289190195503820799
601630202114545470383194984591867329886500221723358139116081504620994969198789490196546917734591946674338712047769870745844278233219379071751141196260665415475150976767085229778955908327335852138518607309081201644251001800522704488416471765417694265919273845510888100138294636869913796362505533457449706593763566030917254320990932087329172761235028364882241565963058166
596940185161263894085174226516238102936731982638483079616493546616724867520032051396349205792520700996321109371590560700490854045672705295273474492974956285416156910581129042873097753388997636534954559090669742184885172565376007323870168241960218082194551498122151177458956670922721418323142651953928038692590980513603560922679621212951618057623762054220922548087943159
598632258084916157952139190538726893562408858653515342418848133483896704255430035230042071146907330822184841564688527413484367845053775110326124655029209755269109196340056542179917116516722334932126958002790242836773325263264561211465827636136833434368762878337305849408765631448065624711042382756819759574079577959313178642328697077678161757927450427695525578655334399
595884128751238905771099429202777878183567716756625982709539567954385945740455624159317118443778725945033983101692834903028226180868323277378141918212167367233065714532434550095547740339260602564588907743702918197773770185228321010543089331971449975514998353066791188432960289752119789988649099547276201371367018007308323929445822296757274205812163497388557171310980863
613866773187354402030582565075480867456844831843485446577078833011789710749816067815567116427371216493665316516530338195621462780537565536565741194317559692931631649489938654468692150041910468935570598508984049505114501031398430324683437150646962323857283750142533035384029510955645686813476849163597746489240407944347017740284633082510057841775491812111441523992133082
686085888595594992925529455992310097706140434723229758388173914653369569382775671215028203815062502216360162171911827145854059763031468007680506655276448416949695523318779186681862842287152953727420560528782920764150028089382558195321303960566591211208232046333323466361866480052331919206243830262798761260276653992473856127558192282013894906500700049082999620566515647
731225018986819959431937487536368124612494967690476098696041762237294131350795085451118900779671084113700218349381630602213226827352897201180459520075846066635728683108528099142041477711427968768032926294019672658504914671903385388010874173619437968249310012195881320119799487341042173261309978954137253476828883177397748825577847782069791192307382131388720545544536063
577791561542249155652070765754311889389045913225249095690521079734316900668942694538074287475368144178450280250151554006199334861422403586124933478543783856075979744726572715821551252304996477106648638939966940075722312644399863663739997579188437430819191371283264085666488098445119378901686199506415708716009386349626082240580079598345148268783631684079461618189070331
578180217571292058867868016414495533932535646230079045620416349808775300547924084268100516809354248263976270066547726956510971898737008224928945143485438977389776444275501211163712502788036734915456280016534067433375251086090511655255502784329750993138157007762462241281612380568100154835371121921209981620084712442197717402614061106141255507728077212342784137444161535
1011567210962503381930085559927794982807995975245334319630209859080078944096511406985550105240080397584996082368837254095071891138197164938161318712732397267886386271826852826044848593160361303272023150835648790981761212679924152646945942587933984647124792316849811217783853641002894153884187182207710194867273992791181874975347642215531360861588785644287442073756360703
618948565802114659081502552926068464232968283085868194961974736045924401311656370654599620169674036827481048688881230310153557564404456297497160541013446482779055669599754167481757893004776591338414593506260044435671948369291363947871558315169757857934908829545051021930365489190609444149557184344050521158440962964056962229758772771617359049289079272230298592551616479
722548597308799783537914971762869575930073044706066709486389297596990212620984206364654125081046784177533385447867418294112299218020847930250184470361885570521155411668119242411286367864519525257992163702285694527559000726515275805253474695931672578247976375697874664674976499046836805818634046387829313845202887797701276284291449061224566668099762005368264621834567677
677058161930422750413332569607710434457028337790584929912054275789069276384314751392081395825555558049376135969386277174784182895560063326152326738904351621501196155251076784005837362600442556371315505074214593306693878838359658254786977567357686260795073493964055232828743004660051602766125574248454642496038980675875808205993494520722396635861775232718244333060349951
577775031903262863728992384275652463431039300457902448107541050754246444250961009310419391363414601311288225561510411862088207882114833382405893248502133834114746649053171793975955079061967796595034010956209452665681347823913631530403529978680553825063650097411028016461294523133319810322592763712831866281387308777927288604730532996765691593378160722812609757246914543
578073690599667034460218728215063639080721349078828342796303674554797400489413019218183406931737306871860855009212353117908962185043280733905687945160432264726297078195603541626951925907592608572431299712742682502777402697816832490993738213304638815443856982652202239362078275142925721560068358909067788057889195858200687927630914671475745183477816513694670101257977791
867781611372009845163554051152422396019361028445134428905057774738021295072004555366676629393710399342522241611901329147832232546158522531726794874961533455322634214840009569770309495137229042014455083581461544037152553346870686268889587415215208316894972466874596582156708245111867808876321781797988908020175161020325929192064935451309127017016776646378815838627037183
613901334442815694795533370889648277326203589353464545777965244186942053935200418932424021691162785853409232138100072448531033981218317492023256589912416902649722906394997607516126265414995186292940188378891356561471896351298840084135433036990719451290260029682518018690704564013599108909515307756496687070811913263832934390064720487954403688461160469948314562691071999
903167411511366824162296537186259226391775906113967206278837630024399383594942364227319282121190090597059764470621451237683023382577554797809158358985279504669489627832329172227693919720051112798473619289634039529929283877507282037956218645765204199549021989613085896457469254314282424811687628443084209466601149107694792685058134722019835738498509661582084687239938047
758322855357001087929886735993906367474526122472363183099045162529887368530035599982376699547169131347414214853841895120454488223926926244018977112101655485848259787935474783985292325668161886280549427509414519497417104344824457474103913576702114736580928139211967044014395710055077628158376958201429403189405787078898595848876422592732538693773995170205031536327065599
654490110080880177682345663516215293151635882888993118449898631281766805804449317807275142617068740869888025034871278715170802037293050581910839503230398548490184292988112094400751247173815156509080687431382419784746125607590162339112726986947449357195121869168506352529594175312493289633944325511545252932743485134835555458129162240020813005120993176206912210331221822
726717911675052066473680262248149422753546475177367329597825988515721259495294053812268506444841360929911852201875291683351529801568898563371907110242430855682213851080888519264822301201033287638170288303635709558869079244404274301969230309914187470133597205070121806606581115953845683299063455631796785396463831780810667087121803023841960045926248394045690021227790335
866638994924958213859088489800465784639633697083836971807095590779214351819312827718045913058011011573337438904096057284545905443759706139299260557569628099580165170668150197531493264195390376645076536218894999389188898208628005264096446389956697243501315925971665213482920610222638048458764825720413739943411104878060501875937953754455213206105930407550101913723731941
586827819531542499580361319169038609537116459594953508913242057128316236812520909221346858323802153637514385258994824001574124341545897084781173395322747587874803213781611700344505456626009807219180500906987825936210245452367530359785722203195696792383394615917317291007706685092962342174634898489548875462527242058931379422124261847359723867399075130678175612515377151
582274565089055313931586646254435455220467183080267050821214890050662397798358511562660587044794575740563956952476933964919559855302156695374261409390543586520318011473916979031044661851995017794258471510272246970830648910964855901649064615048705362488288792799169461814822612784953223959493115339139647842233733906761148689693779484012084496284135144960584229050111999
613875993146069040846956702560543406686979747755660825547518231877507033654494972614970773592412272262618640913240824225951814647137687755297815810310697754572164548646319543149427327625246425024962493966850083277863208048163967065507561105134399121391457691099108629777353794327458896136553825021766488038431348005858221678615060890394986815480831835661195596818544639
614148312006860008055777482028958726981087314465278513935292869589449228048678688473655928293446471765304054991147033427253508562263671086508572375525896179353187766790608217604734756632657296821419663221361953090775833131877628217531461785110969025730053546499714587938034332247548361984682996947513496487902039189104853521672972363385916584299361972682522350581710591
595811493050722313579505344068460529985753206295149698539667159599791378101848624922570564950525591498521174563655548893525277767217274924607469885892042951840422489871607815285154302763743003941654068079975899243805743283698645882336571940400714379266726944326574046574028694618233857663212864223499332862794061006219211265530714284374475343860205806556627758357676031
577773939475796301594167691398599454796348683311895432178365540614010090930227435237376134219664318421489561447550611284995495942100997773511383911452249832635760446628539892074251298443831308969831650124385657256763903572841310198383393779854724894019827451542362046786850852709902594173241335479652197982182543706478402161688906282979724351103066071985441283449026559
578920064048805463731819903257291106709246042825540272087662098231507724490330934137806835647759027864708652580564745528965979886369723375604051921323863939048849407476493295466364586004274914790399116563849568554060855721637950271713793427849183402420909674879215346745723096686660996930468615299359223843562671340188961294199759604651824748884213770759001440648167415
582411141799466184641375429667407131000415046190276246733901774096943497096530358068981034442163435400573527103504951934553261046270784416807744273291414037502570027093781908425496314965189638480998263200378848137742127650351026251021397734133853729738816885654521803565756834094231236683811343513561364899204220529825399306201065887185211841885159128359093310182128639
577760706060693231307909221333105990296177203236026276554776471926885675333976996832705990606339741351443492952746086383225520579932788236480097385340706298692383274839964624179397428052508161189132671934657969556869274011136117202675945295670380145689351194028545411815599061787928044675275943380325126920571892772305151307706634685786292884894239355426590980927651839
619014530336168022968075158021309698780092681712966150759207377172053263847849182690228179093752077837906442179834929676234851330865578195811636625305112215315198012338642354225050963444957844457047504275377867560502616688621096370895249419128886062259001858287927046144459965233725589252975955174460777059760697076858730859176183598548276944887252220795052492907741181
600330502305988454205995041318951893387945700476663299239787076542090266494770092528717572757592440959173500991617430679842539732823127024149111352323202721120647025851501279588216705194639750448539208535954335500565085484889985807760109297789162675083015277657769455441082846055053064326122057999761983961563186058662023554892271387568255730976715686458917545641508863
598632671362118479334872530773202386837567421384294407495427616343010366466436447039504646840665770901433204915829838287222228595762630296087676616463519122584918072000878148054639501441610103886971977564606825467996619257662724800529121879415680859888960815678345404244715046368645665032328079181968712958386136664453519976998741535314292426999666075108472914261311487
