68671694827509
70365519757297
63015625686902
70231305204735
61534780276687
70367922093870
70368741029885
52499515948782
67529472915071
56040661942250
65892727537407
70228351374303
58411553124670
64861924621175
70355305068383
59644100444140
67825586307051
69404440034903
58166741299199
70365522216951
59338999426878
69541828706175
66898370215853
70330070458367
70228015740889
52776284442551
52742173177805
52774005815279
52532697001943
50574847352319
69809157961215
70205518347246
43980454999932
65914560670703
52345911738235
69232723230703
56856154079161
70351397474031
49132135773839
70366455646201
69796951412475
56461370818538
61349028924863
69234797296622
69816303796213
67859677839150
43969186340847
70041770311647
69186090941855
59351045209188
52623951657982
43428494572538
70314981252459
46178951352951
57887023792094
68160841434366
70366545095867
65953441611695
51333411356285
70050610343615
46093303663607
48341378396146
61494901073919
70325239185395
50302654872946
43016781806523
38448003675133
50576051928567
63221176202587
70229006744443
61281664495583
61010266275606
51667381247727
70368192200639
51122978417978
68697733197755
69645577858023
66374386843133
50847444368871
52723254640638
60882213992903
61289141239077
68149318729235
67960324488055
70230220991478
58187493405695
62637634058109
50025544101883
60738344382335
70050899173247
52493078228983
68427284676473
70358270443391
67593339665405
69672866641561
61282470305662
68090230210291
43774029176255
52771189379303
50250840538749
69887085879286
52686306148055
52498322683707
61570191621617
50506662117246
70355313895359
43701018546043
69217552351231
70318238465759
51564974041467
68168646112580
65936312204223
61572097505275
48874563567084
58270894964215
69452430309758
69774880732342
67602214745339
57137960959014
52748502941695
60471599082490
69818916526829
70298910545787
61297503067902
69878998359549
52464498638843
69522090313592
70362272200442
51625504341943
70368187643455
43980450412542
69774410774231
69268681572077
70022561660638
52774263773146
60333485635583
43976956575743
65759404285694
48995845810101
70333845995517
70048498319357
51006997528313
60726524116954
48377885603801
59981097246205
68099488476367
50420688354463
51657433656763
70054106353657
68164754679646
57689866493646
61194656018365
47131998025327
63169805580279
52208412321525
58273979431870
70016533559789
70007732043150
57171375016671
54904712329917
69260488470267
50577425759981
61498090503358
43831195073475
47204035063743
52639117996703
39572399435741
54665772920700
61432991266557
70334245287923
50560019397631
67740187737849
67064500838367
69780853579514
61263209954138
70246286966765
50490159118839
70332085598079
69793213603631
60884675267455
48283883894140
47338055008237
52602611908214
49888943193917
56977010848170
65669976117111
47674119937662
60610488039007
65670821657599
51127273827615
70093272724735
61569820382971
69741506981411
67619896748031
49197977384799
60318435704549
61572499332983
70229157436831
70317204043758
70353707450077
59902679972726
65684444673983
69251916117471
70314180213758
68168781328331
63679315274748
68078718869238
70332236919499
61570771015263
69801622887771
59886313398111
70091581849086
68169720829919
51639297482719
61571706637967
70329149928202
43962210172607
49813793996766
69741005580286
61297752260349
67616609595262
65831091830527
61520705152959
51210905186919
50541631585527
69534815707005
60160546425284
61559762058921
52763111120868
43669608412991
70351290097372
57105750554621
57994137777903
70086729494351
52152170938367
70090572950061
64390009134847
52711562112511
61186589028347
49197642252023
70236942351803
65763732881382
70072324267647
61564019267549
63487785029374
69269230255371
62446179893207
68169648799695
70359038541801
65401341854182
52500841348074
69431895377907
51185272725245
48238346057622
50130300387215
70177560321021
49877049909150
38620120997826
58121846083454
46179336972027
48241030627231
65140695104927
59236167696102
69798317784556
60813446741819
61568858398717
69234335192551
61501947772407
52085032741746
61555471274703
49477282936565
68168629351137
59304887434495
46179462757992
65970645234429
65523341114877
70368300720063
70291429521369
59203976132757
52763672571447
43685687312383
68078981346927
52045876688639
51642140718399
63221683689981
61288859434750
61568314239005
59098598986555
59339183480765
65691502164206
52398547204471
69217625800440
50576659775453
65968008274430
70191972809437
61481897879430
61502849546235
69266664192955
65833120191911
57999195356151
52415511760863
65798890159849
67473799020391
65901101424575
68543901843454
70178825411323
39358004391935
56211992476895
61276230773239
70359734803935
70218420221663
43697483775871
46729105766380
61366416343007
61400810933246
69612711172077
70089955605567
70341699149677
70042319830625
69197693113967
70156066750446
69009034412029
60988266276343
70245178268666
67066652154812
50543175123375
63153110774766
61563440069115
70058860551166
51658213027697
66992597627895
43396336778879
61570958031311
51655284546559
60270963326109
59179934379999
56954051325693
60472700165759
65418642513887
70231170703037
60805864059639
39568457595292
69745963300691
65732996759548
65622757719526
70021921500904
65416510290158
69217625833315
42697263891919
68701491192311
70221539471210
43668944676331
70229920971615
52759168395775
52748636638715
69576245895163
64717548124147
46728970483708
65931971649123
52685015736303
65350972452087
65966292287451
67557597306815
65167001910715
70290583255551
65695148142813
50843587821470
68972635486702
48340576698111
69743690249885
67963209776120
70364309445881
65867274387350
52170959007167
67068255108541
60110173884367
64627949852413
51522159246989
50572087787134
61271998983543
68569148014463
67007529073583
68992710147071
70291057003762
65933887405031
69730936290986
64868132056566
61399665389411
48236752534989
69664008813991
57105263749094
56618188274665
42606033630611
50009323564775
70368608578783
59278463071679
69812196577215
68027711217343
69111392472747
69535134110563
69127498088415
68405637930490
65824265071855
64138676010999
57721139212255
70315937554781
67837896912380
42846542938047
69915557473663
70315291934449
69131703317755
69639673315311
56054020824819
68551970840543
70351537044894
48205031864751
67893693703883
70230784143251
70317170941693
48369921578956
61529680510719
70299669746623
38470020886525
70057130062317
70355389513723
50027760966439
60850475367932
61494785867749
51672682164189
47139228900734
51310732754671
63740376510462
52084462255102
42726065831923
68066599239679
60095160909566
60455283301335
68529751579647
67619423943143
69713757306588
43698824669023
38443178393542
65480668724607
51745451373567
61223416593791
66451716156414
67068061020543
50564647828215
64733736252413
69406532562783
70109656968701
51552088651511
52739512401247
68839725334526
69677252673506
65915399420391
64870640173045
69200468246527
47862024617979
68165342068457
69157001166701
61492523163127
70324649261503
68098559688155
57164904069822
52673206269821
57080039857918
43292993517487
59918535093103
51122693010686
69120376076286
65742518877901
47579629862875
65684142817247
61297165746163
47948142411774
70320827911591
63220674967507
69715638144699
58359746586334
64802419135483
52225991687158
41778757442047
69937919876925
52226500308351
69818919714742
65901885609851
65460644610040
70294651117175
70282020126641
70007966359119
68684579206043
61550723202995
43953990134485
52621628669438
69946226696189
70351151037437
55317014502267
56796630700495
61236943059934
70342890094567
62643666611053
70367666158580
41709966622687
68092874842079
70273180880607
50233731438458
48103616847603
62534671384059
65828959448061
69818770190011
52673477279486
70367594938298
41775496429559
70222712616958
61008833672639
69526930504701
60194503465727
64836741872367
70231131151743
61517821000031
70295528372829
59370370754535
70153684877182
67516260933499
67550907193214
69506315540426
70365521329143
46110764285847
61492682555390
65093930843491
59373548191133
69784622332981
52776221536235
45010986598119
39581208291321
60734528501755
61284277942234
64861782044439
65953230479222
65403626958815
68837562842622
69268877798847
61417491787775
59373592170446
68121872236478
61191463890426
45849444765439
50128675126379
70275194347263
64688578623431
50464099892190
52224629668471
65652710551535
61570637347774
70298120346863
69774826339447
64853058256763
61295549292271
70287106243802
51226062159614
63770594770399
69731978836927
54833774976479
60198127307606
57028036787161
65214783413739
52364231421651
70196821223899
51399683898991
60883190837247
69734967530861
69097432809343
50162801704255
63477334802143
52634284097397
52638991169759
64584494802559
65901003915135
70149633535695
65824600620987
69359422210013
50522971152095
59227226767255
67839341868731
68066548375551
70223247890301
39547656165807
70048622177518
52157906123634
63494539509695
41420581625853
57147735408567
58574628712439
64865815066239
66519578901471
52634084113247
68718901483445
70274250681907
50508265159589
56624848404206
61055073515507
66795191926756
61732635055871
52396985155015
57174050979791
61270592028661
65958615682941
65621546762158
52037666955102
54955918453608
65420939755214
70056517487086
65196512632251
67057257231953
70162547906303
63718925598399
52609687715287
61478160236031
59294095441835
69783801606904
43685913229279
70093832190207
61261130724334
61499052583935
63493427543484
56864288899069
69096057786076
63631819535086
63700790673404
61263209824223
65128881977063
70342939630071
70024039054525
65385503915978
48158922964416
70108875585975
65401464881149
40905252725439
65939550748543
60741238910586
52639085063415
69881847283071
69801722986494
69664351596531
48097676490236
68152313245181
61434523267046
60258240132927
68921034011070
65970625948407
69946730069788
65691497527165
65918074738687
56572100296703
69043132267494
70334383830007
70196942774256
52776473563131
59373623566600
43976169880945
52773169003343
65930967906301
64247329439519
61159763738363
65584079781371
60335690022238
68082745162605
70248317189822
68010404413395
61433987051071
52152831570927
68271181653503
68094743330427
69127486029100
59647905611631
46722717710608
69956425580149
70093286768639
47966169439131
70219202150397
59361782509307
68443524922303
65523404480215
50370282897311
69180984109813
48370995068627
56487325646315
55731467706367
60398883566745
51399341172976
43894565478398
67894822005135
61406623297343
70361022430971
63702407390765
68135337831151
61070072856519
69940314308351
65557843868983
46179083601023
67963016025823
69817109294382
69183194790869
63495448538111
70363391131063
59364937301491
70007677418909
70221633091151
70020844207095
43975901707740
43424266779995
60743693106007
69604238417913
69818983373239
65965263945151
54493986683593
69598804178807
70162384256919
48060414869343
51401495863613
70322034684851
65961771133612
60472300305111
36691098724341
66778147313619
65753763543721
68147608534654
50420198071867
52635330789362
69603694721005
52620821789983
52155934829503
60987304467455
61467154959679
69336861014015
69602087884735
58548724694911
41256233725919
52325568479230
70222680405099
50027434865663
58132380769069
45337673708523
69603901307871
61518426323887
68850957659103
64592800120287
60945516691423
69538338790772
64492958253015
64987114438649
48172329710927
65316670406013
50572967018494
50027155683965
61559363468925
43430547259386
64573028945399
68673871773599
45045547649023
52706695477246
70282466679288
52740047207158
51883099025654
65693353361135
70286577748735
68166491496379
69491202980155
52624573316985
69210176618191
43653975752441
50985463791359
69269215191039
70246604897623
47064251586387
69543573388671
45896018418654
61418028133991
51900199959551
70315057072060
61435206938007
48236567719383
60993367350933
61502821729782
68004096239862
69268139917308
69814391103484
69801707319259
51453703995116
70362721156991
70299486780351
60946927843318
69812333903084
69061417359355
60160000147710
57680734941118
67875914342383
68134908119677
67605461921775
70333780327291
69269214330801
57174603976119
47252017773949
64553320578997
43662461365503
60625973005999
70368033764349
64760317994972
63221775981462
70293363900319
59355352260445
47244639853986
68141121501181
39572469708251
51122983127031
52222745821151
37245943676734
70220014075317
70050773973531
70218550312319
65729884433373
65832350613358
60601853017333
68946907626927
57173526314347
69561281617903
48240224152543
62566355120123
60471796037759
70340449122281
43568097853269
65966364884879
59352146182079
70358543613692
68160157503223
70313928788974
61564060952316
52256862371817
40680310992447
68168243986301
52501143303807
67576990260983
70287004490685
67893752463245
70093831646013
70230859524060
68057976237679
70092689669947
69770669981612
58266599789566
39564668010457
42325820514303
68149988732863
65952173409726
67030476642103
52647623876604
69760670694399
56830468757231
58771770302302
69054282792950
68133179916270
70245179457455
41472069201913
52686356311027
43702247472627
52690388235151
50506399317743
68159383732062
69736778944254
58814743967474
60008698345470
50016852885503
67962471906781
67584262897023
60915182174174
69157018057650
69197425784830
52669026597743
52183816924128
60473113298854
65141617524079
54975569722303
69870125219099
58272990064443
57994774738943
52603391565182
70336129228789
51393578645019
69741222767607
49198837784247
69642759634330
52726519416813
49409293510523
66716947161087
51670465607678
54661980323823
65931467997183
68644079926711
66679785254886
61184862019055
68710617053127
54938930985853
68718402975163
65145986068446
70222606088919
47828435859313
58135535607260
69178658340847
68374939821949
70315514000891
69139678559215
65969320976117
70368601176269
58136572704766
52221953701883
43868728688253
61296699356958
70230692853945
65934690992119
58081614490553
69268418787295
56023485898717
56953329266685
55752634918783
63058155075569
69818913844343
48079983996331
58763738349542
66996775317375
51316234615787
61276164061143
70207476857215
69816287078391
70117755879373
67031533615069
52501670621167
58808837076663
64870808517119
67617800779263
46900484833135
63045480741759
51633508563950
68423117559759
69608419621869
50577530482394
69127362116539
68985559022551
59233974259065
66984308631550
61432720513023
69921392295163
68546901834171
50521293422590
49752853446655
68169150453671
51393566031847
69791602571391
49991253856254
69183130793453
69749996145119
57964474881604
63754408263646
52621534024954
70295711247223
70282772444830
59348394763871
69818618211838
69540747667355
65281352267767
69252052123625
70192238820830
65967818143739
68716790595317
64854794566715
61499569458669
70263454559999
69811068991482
70213261025211
69269081290726
61447960767439
52690432288725
59217324990191
65880482381757
68899758243835
63002739949549
69217537012215
68719200409333
63762009545331
70007602001903
63246497099737
52222636777453
58821181390319
69049911684565
59166596509687
63750131250887
67611072978907
70084202592281
69234522320111
52194035548543
