46214400911873
49895041974660
61967830685541
57206067990155
35253863488529
52778538065409
35184607358468
55009404715306
36872226243712
37401650559383
35772932440166
35722335623688
44342389113378
37394141020755
43996714108992
69819273707679
35216333475899
40709945326089
42926121992744
41543143532816
51232610775328
35702027358212
49097140685129
55029280157992
64167365382148
52231231537025
57209071206731
38546269536749
67252478550049
42074454101638
49066377793754
62137581832408
35493216323592
35797495724040
53887679704311
52622083044608
36817587477764
49294818150984
39589935664138
54675239371904
48842404335874
44230699914256
46454912420626
45080664347200
40724962771072
58424456964616
64444535169280
35565633808912
48919942399044
39793051568386
40416183702658
40708048978148
35426002883410
63927165813237
49210259014912
55447005270040
45595377926786
46279363461256
56522612791440
39614949641869
68672374755520
52923531305989
57870792016074
37682450377482
67272760926412
56659829792774
39684443214482
39960829367509
57153047658512
37437486678263
38236485190240
52793906446828
57378586367104
38489435742264
35331380545019
64083170693152
35217685153864
55989228367873
47228200304912
48964910064677
37349631260161
63712660669900
57174957132188
54305906295232
50754883343190
35207096173120
53171731384166
55173268765737
68535399241792
55431825534992
37678153427467
35477319062903
41205281376504
48757710783506
44006889303812
45098150661250
40141712409724
49658703421890
55416089566785
61710582940101
36288900322468
44280618488304
35288528821778
35683720836406
57587328354537
58307889072641
35193490638614
35734138536187
44612546988552
43551439331556
50102138094693
37962689126921
36593641988144
64132724375680
45117843835388
60834466301185
59786226141827
45148159623208
47561462515721
63806235557377
35264126682882
46213861738799
46528101499456
60628034429746
35477512638527
39673727978498
35219637861892
52862467036674
35195130356090
48472651334984
52329882611073
35804009327319
53886008461870
48378562602501
35511896936922
35468459591169
60499996409862
39905715870216
35253628559137
63772262335492
55319893986305
57603314161680
35213357297154
35529057636374
53296386022032
48518242773470
51064504656129
35189732443782
40064033501713
69638910197824
40062185577480
56926105796737
63827107447233
47167376818706
62974958191038
64236639528980
57518978171342
35604253120536
54199551920148
53321498362498
49487051638748
64925422857088
36724736260741
54162662376452
41515997112452
53085646230969
35310021643394
40205400690784
43467561561185
54565512709367
58738534809792
53925472242076
41164078060161
37235364988970
36134559895556
47104517212490
62964493746648
37958887547200
37452148677477
36872436963908
56764704792808
35366811899408
44616615979780
39725045955621
36460044484971
65455842732968
43991747875247
35602713877136
65463972298754
64185128517888
49183050989716
39955024318988
35770754760161
44006419859900
36394064938018
37538058281343
39753986638466
58412503097894
42986882344050
63789392286497
55267974780741
46828162924856
58445109993929
37469815115284
35735688324364
49423175008727
48929610268163
64122271711488
35436106753558
66545780981770
48818750228862
39866295891457
49435250344272
40201097398336
54391466384400
38964799475716
36294928745605
35400045934720
35460861137391
63773429596928
42881230053414
52845783160223
43293288741904
40054898580056
35192441931918
46766255767853
35218350966792
48941595377666
35753481599019
49002357840901
52873715155974
68247173043458
36853252106686
35212121730816
58491327386114
49005579562049
35229481175106
48520535013512
54426282814468
53767692231200
40881131622408
37527801169028
35198465870202
36835796724447
46459212876610
69859925835842
49104562476383
58824732868612
35391100960260
35735205806610
53025712378896
56350004567827
48942650000576
44553909531141
68262016925708
64068169810688
35738559173215
56745121751330
35255253632784
35666319245854
63102771036296
50289941041680
38185489925357
67276772491519
37415658210312
65571538927872
53025771192484
44326749599760
62672178383367
38760989569588
49070726579020
64064280349448
35251019951010
35202843970689
53155375763460
57373644233911
35469474270062
44051818743060
44051432604176
36569516170243
43984727192581
57065889413438
65948724851985
61588898777608
44547408089707
65569660346788
53173083647418
38071210935742
52785155611174
40623042836163
35742771317102
44056708008008
40515506560001
55337064011792
35195080705060
39155106107425
42263586341008
37747159533584
40719599281022
50577571870211
40789441344528
36319394754208
55346329063432
61952365760592
35186511250885
39472914768512
51439213789216
35565618078642
64615425868820
37553063618712
64888413094710
48932705228610
35775143142982
44446315186080
63643370725512
35184845102662
46472653541945
65163782858017
37985044136045
39809397885225
57340770470305
36842590179643
39720247727589
44127561615620
67663029346464
64115867914576
43996621881641
35185455000089
68380752234752
36527628162305
62570220825904
36817610848308
62196478583812
36328882442373
40149244364812
46508066970432
39359685435648
40854144979611
36868788332086
37558654898704
38248903981224
35802997604576
35770645119421
47571268542720
62211670163520
56805507049765
56590508994577
46620272494601
43467622527265
58411729949182
35189715778581
48796390134130
61666488369428
40971866482700
56627100262404
61590786851270
53138148954128
40041229652146
64081458103198
35512861732876
40750853149181
46762870319144
49310562271768
58855027671168
53258920005696
44356296136968
55013711545120
39315158927464
37414584232705
39653269966852
39032736080385
39121180483588
35220996236066
35454163878586
58746605207572
46214108343914
57312045728493
35755602852557
54450605525198
40828114553993
58422024246231
60920677925887
48434583336768
53887247747456
45097308060801
63826117853293
58291341980867
54993577059293
40210770199042
47262601380112
56376014964194
36870364096642
58359759996546
35477779061546
35254349203458
37424802619393
38451821950000
40794356606980
68488355989573
59313536463120
57327366341124
35858669511020
38661299447848
58869072281984
44048115569023
35200301669892
43984894509815
57347279990400
35323438043138
35556982460424
63323456480704
35509884049427
68584790303120
46541256720388
37806429062148
49821825385056
55013128930860
35601097044531
45015720608784
49136785247812
36869039621565
61736686355941
53069370951171
64064275469589
37392041796128
35905926835937
53173356201236
39753170027040
35693175574024
35233783351576
35188592347332
46189907314697
43798090483744
44256458580498
39656576256364
50325348157696
35215537209891
39344159916192
40845428785804
47043396567362
35835078262796
35285440155784
52644204970016
60372296929297
43438580057608
43485026724896
35188850688343
53257597222424
63792763579398
37350177514128
36268364661260
53876237443729
37399619141173
45840842383428
35833332023368
43338740801552
57605180621782
48894998482968
36421625044677
38176068628576
62430048944960
63928455561472
53060869067250
44569016820544
59669183793408
40043091267726
44604211613800
55148722786548
52502619851650
54571859017956
38863080132648
35821051057365
52777464239564
61727279005440
39071162177430
57603048872584
48941188646403
36662344891447
44495916368402
40965411604488
37412875149380
68457630351616
40494227280448
35203848276614
57176607457412
47863913961217
61550409323104
58347300603072
35191959994269
36902904136452
66727855591552
35253729680385
44007259508829
54171235847692
61334795485572
35221096783876
55130484755105
47021232509514
36289239979042
62020683092016
43293515972097
58318556342433
63897998545921
35390547902256
53120170591030
35356553534977
37940738654891
35743811767656
56488492108789
65713417371714
35184764914551
46269959871497
52793741288346
52915343521925
52880724328962
65919273406516
64132536672516
39058330134695
35666484794993
39655569606135
53137973524496
49612696062032
49010444533828
44614142671953
46203111277974
36560892464256
64890140100612
35276733946607
41120336355332
50866071822432
38079481025538
35358632321552
35974716946976
50599159482889
46763637594073
43984793695795
60809200017441
35903804606872
65415036837906
35185164976922
61725140631816
35331354296473
39730062933009
55262011975424
35321851634219
61896896418260
53052010790497
65154660296464
35190956491762
38674036564476
55801256355133
54423846670360
44392824517471
37385718989047
64064436977728
35818428580610
62965055424131
39587753979488
44063111790604
47297221231853
55302110835459
40133168661568
38794362954498
58525473085568
40512360559171
37998814244362
52929302104205
63540363296998
38002079564155
39607251193881
61171414647877
53572237099090
36078683305046
35741110752513
58528660254337
40481176699200
35234486050393
62397834405165
48964849788000
35735051994152
40407054680413
64064059478272
69521898016928
42299155846674
50044164114752
39061729323779
44392966763540
57342377366519
54288394363427
35209644756488
52918318858590
43912861384753
35203988720904
36730750350340
61667679498833
36013518918269
37416748460545
60215715545856
68169802436098
41873917892698
35252105054212
67839411358784
46730318102369
35870511729334
52922862829696
49276317139008
35211253650930
43542165070880
63387691180321
47866010772224
61196918115105
38879196413984
35835066327632
57932371333430
36268619079760
64667787469133
46216264121861
49003580907617
48213332746320
37402479652361
64923339074336
53877143600643
39172589388014
66111318016192
35321893107201
37706697020465
61857184850566
38294876485085
65732935246880
67962094780808
65325944931104
68634282231812
37149391499777
67229469213249
36868344265225
55001932300548
65151176876288
62937434425346
50111698715216
35254015496220
51189701943786
40167406787749
44411337650945
35701169127440
37419903739411
35495866868469
35257305138200
49209724699050
63800389747717
61949294674442
58481487303828
39605650604368
49582031668324
48383041584908
37418034656905
43949629190192
35322172671174
35751387499004
52810116828321
63781082351543
36592405479552
36190521680416
37457136682497
52931093273092
37463003233312
35304768033278
44055553705191
46008966463520
52828210692642
49207855698496
56241606107144
39803594823757
35690159872008
36148361753605
53388661760036
40816989309056
35507589630736
39668839486472
57209245448380
58757373395072
35431452253045
68475205288592
54434767041218
58594368530945
44259782149633
42456963096642
44423929139581
35202172256512
50133880464448
38665454748448
39140274258980
40684983853188
57577292054608
37693747114288
39789535298262
58278694459969
64072843265060
52210570433800
37408612551684
42456165957666
40153867486332
41806156808732
46208573571452
41920363606033
58284857918108
36324744703491
61581836682727
61719223599531
66153268160160
38415806562832
49282874927233
53890309688840
36524435964377
35632676689928
37552296565800
39858506641879
54081507021836
39176612356400
36455684520391
39720198990338
50662381346994
56726921413231
35519237982464
70287545147456
61594663064884
39824598107140
47573752715313
44600148939859
53053297984272
41781607150092
35701009985878
50857353740672
49432643014992
64653795557505
39324805512248
68457763046192
43021350480080
43616737693712
58978800337090
39071922639969
62690227945918
44880267052103
35253175580422
38587094018064
55260219664961
49170538341184
66817081016772
36887662242313
64897024375850
44014306984964
64689103244608
65971391693679
54059110237188
35305739061432
46576222603273
69888792087616
39667517724673
40903406292474
60128486754316
66595092189538
47055812173857
67759891342337
53309170324736
50654008730638
67009373930154
65266440085768
36289203045380
46484584953962
37055247966770
37523505301280
52793943230977
65507054592919
38879152403505
44538945265297
42549167568563
56870907293857
53388709732385
59310315422678
67169144277390
46480836659486
62973373909120
45011911722070
39206952272068
35872624035329
39069445005448
35184526417759
46504849508432
55828158163432
44432561057968
39279673817616
63939467644033
66562197373380
37453499063552
50609032403012
36837234487740
42931637717280
46974207537696
35747740388868
58498012874370
48387617588230
35476443330073
38781524841512
64193470595502
49003574120593
52939246076418
45356956212480
52880176845756
57346408283651
38578321232386
36258621459075
35254324401666
43675861148500
55548439771520
41507705944135
58566486722816
37831414666241
36455963478660
44737856356672
54376014591109
46480289499408
35941209097302
61599076452608
45735026893120
35185500358118
65147152310656
54181033476168
51971252925824
62965135511808
67346054186052
66696921530496
54203536969732
65284497147205
49310656964672
38492420342911
42918068392080
54676285952144
62144026707446
35461304812802
56930342283522
37658969506181
55560363180800
44277901264385
69102035550273
69085657061648
38245625694210
55517553197440
35502201771511
35546365310082
68444599223583
55218885624836
61865305638157
43989199408642
39471086416416
57797645713728
44531366083361
61588237655944
49276831482264
50664013142017
63136326015120
57189905500826
64068570497088
44494259165192
35184423210489
35878098278440
46526579711744
56695855276080
35447993305224
39862074771018
52785160689149
49568907545168
58695162822785
58523711340548
39651896853574
64339591710596
38124354179255
35745207215031
35195193696733
40787229982051
37402722822295
36529235824982
61591988864834
35235989682753
56391110010160
35273215938092
40206740878857
59210971742850
42749594982448
45115327558672
67774726275275
35253110570003
44620954590483
39789342638272
38646935758402
36665667953008
36435823803432
58302601626402
44050292538177
47316122994178
36863840974865
53326395614242
49546947499654
58635211047058
59701805089924
49190328754273
35794324810272
35186657253229
36931769730356
35562942757156
54735668325397
36553666896000
44097503345681
38862048006688
36706673808445
47472610189568
46866850776069
35194019119151
48950195640392
46476381249796
35314449789576
50101738455716
40342843884058
39882513581064
53741084224016
52777454293508
37412011902988
68322737603008
69001621359872
57477433032960
47025061396905
35340836414750
39032731797283
58539620011104
36800522895376
49054038362120
44374528752776
38138304798840
38523727061128
37291124725880
35838266312256
36318511918993
53080519723403
68457492753665
53078915527173
37779303522628
58523229140437
56258780016883
66215954420473
60347683721344
55494240915592
62089171312144
35202535613572
35668646697232
38523726995624
66230314685056
59803670216969
56075905405634
50058739744643
40722749129372
36375830599232
39327438809344
64059581448461
68024902095280
35184637249636
39073801170464
58974284057665
55405158531406
50077242507300
64209964523840
36946920685057
58488947092002
42917948694752
35346557732945
49003865718848
39646978472461
52777702130681
55269528895784
35820430050780
54452407533700
53913227043102
44654911687931
40857017320443
62143894445825
54668526092465
35219147490870
35602093050426
36306822498565
54977737355629
44507959152688
63477503455321
58421088911498
47625283109188
35184374720477
68505537889344
58317590398088
64888928057602
55009724014089
44462581350922
35189770501650
48969590770776
39722021293857
