65832721448959
65884788882943
61572379574257
52776555970559
52501411755999
52776553938911
61435145093119
70368742080511
70368739975135
68581962280447
70368205209599
70093595738047
65833258713087
70093861814185
70368740737015
70093866008558
70269892818687
61297773246453
70093329393653
70368202784751
61572649844735
70093597835251
50507741102071
52501277540335
70093866205167
70359075241982
61570502623231
61572515889151
70359880556541
70366595645439
70368743129087
70368743124991
70368676015103
70368739966959
70368608911359
70368739981310
70093597818878
70093866266622
50302656970238
70368206520319
70368739983355
70368572177915
52776553930749
70368609173503
52217138511867
70368743587839
70368475152383
70368739946487
70368743620607
70368739983351
70368206766079
70230767825886
70368206782461
70364312633343
70351530749631
65695752388607
70351554871279
70076409577471
69810398429183
61297772459966
52776017068031
52776553938943
61297773248511
70364447113215
70368605700095
70093832715775
70368608911343
70365518757887
69810398298111
70368739979263
70368739983359
70366595641342
70368743129085
70365521903611
70368743636979
69234871500790
61572645896121
52467303702527
52776020738031
70368726351607
70368743389162
70368742473725
70367125045199
70363367079919
61572650106847
70368743059423
70367398850559
70364440559609
70368735789019
70368741425151
70093830090175
70347252559870
70360118588927
69810396331903
70360152143870
68155757948415
70364096887679
43971870982111
70364448686063
70365782978547
70362836369391
52772261068783
70368735657967
43971589963695
69818988363759
70368738934783
61020747857917
70368735772669
61430848020443
52776549744631
70360151586783
70367527829495
70368735789047
68168642452991
52767817203639
68152540921599
70368739721151
70360150048767
70093857718207
61022224220159
60198261620543
69544110391231
70093857882047
70368651899647
70351010398207
69817914621951
69818988363775
69818988355583
70367662047231
70368735789055
70317170704382
70363372318715
70366861983707
61263400763391
61562181107701
69234864422911
69234327551999
69234864420863
70368201506814
69200487890943
70368741031871
68685114900278
70364176580605
70360151621630
70368464699390
52757228617727
70346992512959
70351560097759
70368743653275
70351562178559
70351427993598
69260642607071
70368597376991
69544110456814
68650756210671
52776557346687
69191889436651
70368735264767
70367657844727
70368742866802
52758300327935
70351425890303
70334350618551
70342965821439
70351495093215
69260642484222
70360137465855
69260642613247
70359869030399
51934467194806
70368731594751
70368739950463
68994354642815
69269232549823
70093593640767
70351563784175
70368735002607
70325223815165
68152538955239
70367400818554
70368727400414
70368727396315
43413512519646
70349947142139
69264937576447
50542906683371
70351555915757
70368730546175
70368593182718
70366579912702
70368190529533
69269098332154
70368735625079
70360153718655
70368337329975
68134220315631
69269232549879
69268695676919
69269232513015
61572500160504
70367653658615
61409373192127
68135361175550
60460243873535
68135360919550
52774393872383
69268963983359
70368727269375
69818979843839
51677046505471
70368727334911
59373627899647
60473139527679
61571560636415
64591946039263
68718134558591
70299705927663
70368727384063
70368458960895
68169720905471
69818971553663
70368727392255
69269232549887
70368727394303
61538257600511
70364447063882
60945434406879
69234864418687
68135361183743
70368202059619
66932602519535
70231305223422
64733747085309
70230231342333
70093863649023
61570501574399
68994086207455
70368188399615
70368716914559
70332235382781
52742196297727
69200510713855
61572579719919
70368743128831
70093832716015
61572512743163
70334383390719
70366579392511
70368739630847
52501411707135
61564052815614
70368206257918
68169720397046
50267760230399
52742194200575
69200374398975
52152160485343
52776539254767
70368725303279
70059491311358
70368741555967
70359883448062
70347235721215
52621939045823
70360152145663
70359866933247
70362268172159
70366592499359
61529162481663
69509750189823
70368467877623
70364176580317
52501679701631
70368722681855
68169720528765
70351497199103
70359046881215
59354837417981
70350322794493
68149722447869
70360153718519
52775744433919
52759344701438
52484466802621
70334376050687
68100992794367
70319217311743
70363777054399
70355825653755
70334373920761
61435212201343
69818986253823
69749731491839
65901843644319
69816835505599
70367535103615
70351563781887
70351160606447
52766206320383
70360120688639
70357973204991
68161130987519
70364415655903
70351008546797
70025138405375
70367659949822
70330072694767
67053029424991
52772196056575
61297601280991
70363878785023
68165425954815
70364415655935
70364415574015
68169385323518
68168512962556
68169720653822
70368727367415
70368458628863
68169720627199
70351555919615
70368710490111
52775450836991
68169720922111
70368207305215
68169318268927
70368207297023
70368710612991
70366529584639
70334367332351
70334233411583
65901709686783
68032214859759
69793216454263
70368735510174
65833258184190
52707837476863
70367668338175
70231305223679
69664335986683
70351554346495
70368742342143
70368709441535
65763465468927
70300022587391
70368743120383
68100997242350
67069135544125
67894574579709
70368709836799
52776524054527
70368710098943
67619428237239
63771137015807
70368567885759
70368202980863
70367632551935
61572646960639
50577466720254
52707834462205
70323638632191
70295727620095
63770598440955
70368708395006
52364241272319
60984240634623
64045477265407
61013733932927
70291432669183
65968013278846
63079916240891
68168638725111
70366588239359
61571980046975
70076648644603
68169645424639
43979117620731
70299752054719
61568318437369
61279452528351
70282843783167
42867967918078
68169181944703
69748120354559
70282709950463
67447612768255
67909875253239
70351529439229
70351529672703
70360087125743
63754224775167
70325790310063
65936337911741
70359617370879
70290864324335
70359600594429
70334317264831
70334317324223
63203662364543
70351530751319
65966402633462
70347269323647
70080981363455
70300011003903
70295176085487
70364407267199
70330072690431
70351525511167
65970160467707
70058969136631
70025144686293
57140110655486
70230749347839
65970563448575
70366395350783
70368677068543
70368693837823
70230663495455
70334348787710
69268288650207
70196945158142
69129612427263
70362234607423
68715181767103
70368708517631
70195871743999
52776372535295
70334383896063
70368723205627
70334349565951
67035781201663
70264589123583
70334114954751
70342907265023
70342974110719
65695282886399
65695802982399
69268627521532
70059439161343
64871184891895
70300022079231
70265660768254
70368677068635
70368708263678
70205266903039
61535840862158
42777722748862
69784561491935
69263861709821
69783487774703
65951370018814
65969623662463
52776491024255
70368744110975
70351497003006
65968550182783
70281737469951
70214125354999
70228754825079
70265656426495
65417986965503
70231296829439
70357939617779
52775752825781
65695811371006
70367670434750
70334341971965
70093799128957
61503797460405
48369787469823
70360087003135
70368475438031
70007966924286
69268620181327
65420940767214
70231305224125
70362234617851
70231305224123
70367636848087
70365522688991
61572382587871
56619479003119
70227010256863
70368744109035
70225265278965
70368207109103
70368677068783
70231167860735
70368710606319
70227010252797
70368207305726
70368677003261
65970697662462
61572047175675
70368408633339
70366059756535
70366596692983
70368475216959
70093865745407
61572650826751
52706999762934
63771640594431
52776558111743
65970697535487
70227010256895
57173933539327
70368710573567
70368744127487
70368677066751
70368140165119
65969087051775
70366596660223
70368677052415
65420941852543
69269165432575
70368207301631
70368744176639
65970697666559
70300024634875
61435210629119
69749698461559
70272107347647
65695750536175
70089503080447
70231305191422
70231305224189
70231036784637
65695819694046
70231305185275
70231304962039
70230231482363
70231305084919
70231170482175
69956158480319
52638045306879
52774333046655
70368674971647
70093866265567
70231168909279
70368742075391
70230231482367
70231305224191
70231304175607
69956425744318
69810398428147
70359008149503
65970696552447
65970696615935
70368206216191
70092721225660
70368404434939
70093865597887
70227009730559
70368676544511
65970697142271
70368743652351
70367600703455
70368670777303
70368743650303
69954279309214
68152356499390
70228082816975
57174466232319
56899189866495
70368739916799
65695811370879
65970697142263
52561774116847
70368675954685
65970696617982
65901942538206
52741976094719
65966401650687
61572582997983
70368741026815
69956427317231
70368540753918
69956158750715
70093864172475
69955890413563
70231166746620
70231300763645
70364448615423
65970152406999
65966402174971
65961971417087
70231300964223
70230092021758
64854000924542
52226466693103
70360082903023
65953366786039
68169712523771
69088841826287
70231304660895
70076682185727
56341380988927
69818988293119
65418123280383
69269232548735
69127498612606
65420404979711
70282844823295
65957811683327
48378507427679
70368742079359
69234794887167
70230222043130
70360085823423
65970693472115
70368601041919
69544110455807
70368667627517
52630385520639
52415780847358
65948677570551
70256806559743
70363308292351
68135226964987
64732606160863
70093782351807
69269232548863
70368660291583
52707838590715
70334384176639
57140211218431
70334384430591
70333310696959
70282844684159
61469571940350
70297877151487
66932702183423
60198194511838
70214100148223
70230767304415
67892678744061
69818945634303
70368739980027
70351488483135
70300024700719
43980463995645
68701958176255
70290897764223
51676910184957
70300006727130
70277476118525
70351564258810
70351551165183
70351027437055
70368710343551
61564061187519
69818938030079
70282307829759
70282844700671
65970663980943
43894565765117
70330084686847
69268661598111
70265648184703
67070058037151
69887703646191
65816078577151
69750266788855
70286602928127
61564061187566
70368643252158
70360153972221
67877595774975
52705690976191
50573172797423
70297877184447
67894836719613
70367670435289
52707301519309
68021544550398
69264887250943
70334300291039
70366596689395
70300024700895
69269182218238
70226976702461
70368450435963
70368643514364
70368710622202
65970663931895
65968516235261
70368710622199
63771674410999
70368643514359
70368743849471
70368743915007
68169183785983
70085276335615
68169720871935
65968516595711
65969590370303
68169519595519
70366596691455
70299890221055
70297876955135
51608310250495
68032013531121
70300024692735
70299890479103
69061981470719
70366560777215
59236188946431
70230767826423
69750268882843
67602783928319
67894826237694
70368676533759
69267067764733
67611039594495
68169716727807
70025146793967
68169448292351
51599736962942
70024609591295
69269215244267
70025146793983
58961311039486
41779292274679
69247682149759
68169177759743
52724951415775
70291365560319
68994345205759
52722871042031
52759378263799
68032189554395
70334384439166
52639116803455
70350758860543
69817880928255
69268133511167
69541828754879
70334115938175
69183333203967
60198253215711
50294056419295
68717328726013
70367669909883
70360154242815
69269198991295
70332236693435
69260642614781
69191922745343
70363777728247
68156833726427
68167556399067
70327941988347
69269232410079
68994352504831
68167567114111
59337120669151
70334250221535
70295662623999
52776289689330
70368744177391
70368609959678
70368207306494
70368475676413
70368744046333
69268662108155
52750251458487
69199976136679
70368676604671
70334384439293
70334384439291
70368743915263
70368743890687
52501411782335
52776558132991
65970647334911
70368744177407
69269198977023
70368073088767
70334384177147
70334115839999
68134287441407
70334384439295
70334116003839
70334115971071
51607789895679
65884764759935
68994351366143
70162584694526
43840878656251
70368744177446
64836807261687
69268961878015
70231221272575
69269230452735
68990058618875
59339263950829
61555471277999
51677041229759
70085276335919
65764488838143
70368659242495
70093866266366
52501411788539
69269231894527
70093866221303
69269231992831
61564060950399
70342974371839
70351564308415
61013231648511
62672094526959
70368744177471
70368475709247
70093463617279
70367670337357
60472601542623
70299954446075
70074538770335
70349685258207
70350893154269
61568356188031
70367402000223
70368744177518
70367536217963
70366059822973
70360154243003
67894301949565
69818837336055
52226802056959
70351564308479
70351564300287
70350490566655
70368743909247
52776423915391
70351564283901
70351563978751
70351530752507
70350490304511
70368744177535
70367133562751
70351295856635
70351430090747
69784091475967
69269231239095
52639101861269
65111637065663
60987461853183
68156700745471
70364449210286
70092782043119
42863771467773
70362033160127
69818986266623
70231294737643
61538188656511
52775484391343
61571040542639
70295675190655
70093857882095
61021817405437
61572114268094
70093731919742
69818979712958
69818987839487
69818719404031
70359617110015
70076149530623
52767967936511
60473135202175
61564061220863
70368744046527
70358946283519
51677046472383
65961939959295
70367670304703
70360154234879
70368744128447
61572651147199
70093323026399
69269232484031
59921771003615
70089497885695
70368744173503
70359885791229
70367536185279
70368744177599
70368073072575
70364449177577
60438779789247
70368744144854
43976170133487
69818718846943
69818986250238
70368744177629
70368744046558
70368744177627
70351446343647
61160266530815
65833258434494
61018591707134
61568356122623
52770115682303
70363375337470
70364449210367
70363241250815
61572651155423
65966402681855
70368744177631
70368609959903
70364449208318
70362301661183
70367133499374
61572651155438
70368609884138
70368206979051
70368609959911
70368744177653
52776558067702
70368743899119
70090643726335
52776558129135
70368744103919
70368744177647
70368744177662
70368475742206
70368744175614
70366596562939
70368744177661
70368744144893
70093866106811
52501143355325
70366059823099
70368744046589
70368744177659
52776558131197
70368609959931
70365522952186
70368744046583
70368207044605
70366596694009
70368475643895
70365925605367
70368743905275
70368744144887
70368744177655
70366596292607
69801674012669
69818987966335
70368743849983
70368743866367
70368743915519
70368743911423
69818585423743
43980465106943
61572651089919
69268963966719
70366596562943
70085276336127
52776558125055
52775350173695
70368744044543
52493090224127
61572651155455
61570503671807
70085276327934
61570369454079
61572114251775
57174067756031
61572651137023
70368744112127
69818979975167
70368609959935
70368744177663
70367670435839
70366596691967
70368744173567
70368744157183
70368744169471
69269215772671
70368609955839
70368475742207
68169452486143
70368475740159
68169418924031
70368207294463
70368207306751
68099927703550
69818987313085
69810397380603
65918747016703
70093328351227
70092791480315
70299991145465
69234872811519
70093731528687
70092791676909
68101001445375
43704513429468
70230231481337
70231304698879
