57553042185729
37777965212975
35271597364380
42704490116617
59681662238125
54027211736453
68665549459920
54395243457433
40706721819145
52795202146013
45730826692700
39753165342862
69001008989024
55974740824176
67758083011073
46334725677670
39581944977416
61572118571145
49010277118530
67458171420310
41752752849146
46254803667198
63792803736780
41358460284526
67071018859873
66371748663659
67207499835460
41209578926265
61930804971898
64065125027072
60216388337284
40378150140673
66527032933481
40490168753369
48120895453161
57337446488563
42577065717317
41216122666512
70231127267616
69452562891003
63962347287042
57458371833231
49631844659441
40929695942254
54565818869182
56816341066668
46602014168833
39325349837089
37726992648397
35431248827510
37015262772782
35210119781969
40328966576363
58284053427444
64265369452316
63643110528771
60323497595914
38176020295681
39781081939865
49010114969894
37758160027969
43511157289141
68247970038864
64345036687685
37717345241402
69942001549426
58722940879071
46627315249751
41770073907313
50232800840717
35484415359781
35563973498835
35262455069809
66116925662022
49658548355216
69342008344153
69195505032751
39720266172663
66645552924926
66043846476403
39085353074208
52502672409446
66632940519857
39032682724641
64189941436534
55140718938061
50111749300424
61655272718830
43997259446586
46454932704149
59003710259232
43919635044530
57386406424280
36778744597440
43502349378624
52845550309119
69763704328582
35244468561165
37744935836930
64854527570726
49115236876354
39910529505036
35825105630212
60187446319865
39226029859684
42774296484876
47952934027641
49510206569135
38632995332128
42993787959703
67574125902297
55007762708492
36870799998661
36320408103398
46633757579661
52125950404224
35222558041082
69946686386060
53882313108897
50135330858222
52623989434148
43694132925910
61865527074817
40663048017936
51699551503355
35431123149972
39058973631362
66141186850880
64376947209508
64798028399530
35594835070208
50003129977361
36829570274846
70349312033116
41543056098010
36885937390660
55249514137886
40613448277523
65166103246378
66449352298900
36389900264485
43280598786408
37723629256448
37395562890778
37481133934594
44615233796155
67010364505818
39062083341181
37935776669736
36549455500822
61582287697669
55259345451655
40714171032763
56480951547356
59198461256032
54462606893563
61612096668929
35277283921472
68891024048632
50665598467027
35870956455774
39662976959078
61177596190925
45089153766151
42576145096934
68888086424192
43996906519797
56963088081921
48470042493038
48370928910736
70276222191316
35400047923228
40693137146406
36896276653034
48997005796061
38810483686976
39069269573408
52698099105080
52592218426143
62966629500844
67229919268494
39041158295159
47821015052181
58579868425623
52594031585059
35581134028419
56866743785508
41517653600769
42385609023321
69508142565801
37471443230975
61535907678600
57322213318542
35735033716738
48970367778901
40836286421657
63881993846035
49023762779208
65154138360831
55718264315940
63184906607360
46181863716353
39138509096452
39379597214020
46523337494261
58455028262534
52569579719793
53241521823384
69285287644151
68414986551748
55828677853992
39224487585328
52932314496545
55492528484687
45167486451778
54812205047409
43539869233213
47385384053966
63067870302610
39749631774425
67079344854545
59079559215177
35784606750776
52379362109391
37146040768032
54764734984546
46247235041288
47608741067161
67471814763005
39522039033497
45099153237844
44998023947780
67945568713413
57132176741428
47863127491554
54577199563970
62703741817811
40233025143956
44619794612479
41212682567867
49933119259767
53292799278355
48600793497816
35276636161758
45252775941590
35937100499705
58448370505873
39733295979218
52767608127710
36810148974594
56899134794378
70122680743584
69083087615813
35742854793845
37679742308174
47798263746855
58704720859408
53424579250441
61641383180531
35218652762248
55339093070086
43228281221567
63514538476800
42756253788164
49892261075472
54588934944049
58963806679185
38635534629419
41343361602688
60678751895179
68702834360665
53887865286153
38597856860572
40379270227935
61548340751888
48593407557755
61885557379120
36803624583934
41810718365849
40148381165691
54168947250049
64177230222837
47308654979085
60912091004056
35619356152122
70253664684518
55525414275453
37940719061982
65828469541138
56954702364928
58421166563185
67618833259648
67217919041319
43005628266687
41716113489984
65725645512374
69707633904475
61880014293402
53344282215814
44785165157056
52777703308994
55284299601151
36307590414311
58642404741093
57681968693630
36294524768652
46442687043600
66333630874605
63934898958283
45098750967324
43675775813156
56655270558336
48377021206994
40957093118178
65736445469136
49972133118200
64188427288842
57170867636225
62809878658883
39143292799288
40684855370226
65175594355977
39183497341956
68999321747779
37703229759007
58832604231545
41397465959640
35598738412789
35422867545887
41192218520546
58236401465545
60482136539575
59960026546272
41790228664007
48586851768057
59072156566210
68840423616232
35185416942720
39101484035694
38008531142720
35238048564286
49434875305283
55377555235856
64235556063304
44089483556307
39782166987162
66615764420021
63862042884094
41560713856452
52969245424290
48254778794400
50061426967576
36549143788018
40405195036826
36304251493741
63789072392570
65172446191872
38196470501629
48012757074964
59949705310173
38794502944947
56563543173220
65195078702196
61240147255217
36597684208932
51574621494764
48146310248293
39585656342017
38904684249092
62673118939904
54942571837058
61480317859377
37404326452750
36034761229408
63561052141295
55822765075761
47884658811118
35188885208574
56602741570952
66615624945025
38611448917544
58695379742608
47198587398516
52428454746701
36284103210806
39366665249116
36297874135935
39656391539716
49350102963451
60441174435318
40139403166211
64892375774925
60305293063348
35508642007606
69807314883411
61217774022410
57975754514562
63895172012280
46599336385022
52276413017221
67849251490012
65625909364768
35332838219274
51525222211920
52376123519618
46592635799872
35741472007942
43428922375818
47844830609519
65321865935920
53361462445057
64821790462230
64647891923748
64083269263678
49491969493208
40719366496289
57391506706911
35595565933340
54987668835763
64067918285769
44532335068677
39520403503617
43980670441431
60141699307440
59863291990544
65681041146104
67894125814969
53071582587659
36626794810412
35495539146733
35772465065528
67418235956945
66785802754264
55421519568178
37627090647554
36317356763303
67369525739435
44622020493844
67048738775423
61461904314325
48525219259309
36455477714088
35934992886304
66190747239814
64819111780401
36870388444772
51475332026370
51561799701440
56610436715327
54016541379625
50123782507612
37900725924876
48140485665314
36182798803222
66382698899322
40895627037098
54823413133346
47024707357553
67070226988993
61078814979259
49892285120911
61169961439592
35392115564495
53021153088024
40768106411509
59954815887368
65443472678916
66683526317066
36227350917179
43355311047598
43453072385534
59231862042636
37835462152200
56145910306807
59660946242689
38999444558955
35749797733920
64063791628631
38990887632570
42893557066245
37671154060744
47595700251392
69966373920834
64288774698260
40789752828082
60894625141168
61391862251864
46888696003107
44032544191153
56829915963584
54129066673621
42459495425572
40240574292642
45153141392360
36559310951954
38620836823159
67464306456596
36595271050363
43931181595609
57618056856404
68140242032070
44222848332871
50603851057661
44236468723711
49276214188568
35199445704193
40135043414959
54608484536286
40207415792480
50023624628713
43989390721016
51007761570203
58420535919685
68777088533167
48926799501648
41641751965676
45877933512803
51369066788597
61716151212407
59511859709334
37554539776654
35209496210735
43997679621599
48816360217929
42817052869696
53257763557562
63117243750719
37438223352043
57519580516538
59968962432560
65281970931818
68528749561732
58695039487617
70178156138988
56065976700960
35218833078641
57624633053971
68615657771274
37691574283778
46207401825540
44871258407434
48141767210827
65965994291216
47203897687322
49064887493640
56798880352326
35321861503911
38616062507887
40829018338437
59031521975323
45701875660834
59666266702835
36937339707429
56912376219894
53295427892496
67933635113317
37666997526159
35719168664040
36801008471573
40641498087610
40242375126619
46977413298248
36527186932959
43467627311790
62490845200964
45123009912864
64968460274434
54681902210597
44785906056705
63619977314525
55282194040969
35505421999031
35771278897767
38593042200612
67764915180677
36459165699983
41412458054274
36600658083360
35797142842881
60708578491899
66278079365392
68809805617336
39992746098207
68577401915906
61320847577780
35501126753263
50987361059272
44547286904330
40517704098166
59178161407298
44015563220974
40161044946941
37658661350916
36710466229178
48140689405735
40682960627333
69408047403521
65629318100611
49390705076010
58353858154688
55309559074562
40138751238486
50879415843578
35264113934811
57264964521608
39722526649356
47922701878344
35218799634430
37485737166880
54181141810094
52930372665562
37386062791685
43444264397346
37385621605311
44191153390878
36996009691145
41264553320105
52849587241947
59006564543681
58517172031616
46850031516081
50242835728109
64172809934668
37213878354931
63789434896644
49493197222387
36872102601272
47602203176751
35542097857790
66040002390487
35494534322519
65389912596530
62698502801273
41346413764029
35400616375824
53173424887560
37625033995057
60910508679995
44687219959040
54897114839705
53811783159884
38929828459068
46544838057339
35700958168375
67972973478218
63805808021760
58276302617601
39172853211379
52690318934312
43085825548114
67289939002496
69748754549288
49274148642891
69187351440468
46184773439564
61938262467330
58843549421198
44586692772438
49403758782492
63086473347346
49273612367888
60022307743970
50699265402216
41382485027427
43465858760949
37953107796734
68572426541336
35464945604130
39583216711190
65945473135040
44117943419903
43323367458551
35941715163997
35489876929386
48477081323528
59335768986128
39788998818519
41384244423143
61194874139128
45091769975842
44413647581701
62706328865288
38211495529981
68587587404176
55132071614421
53197772983270
41855542018306
49019281821504
36739592618998
59398886085017
65715697655974
49455544508243
41684071676605
35398638721285
66074999772777
51786631764579
47072391487865
45046232466176
49472839322632
41176355734258
53899785406654
44545724123644
39276644812896
63863530124877
53309181857794
41560587222560
48409918931197
47933630183280
37917646782779
68462617709979
46834684010750
67240741308845
58348070389981
44062793755784
36008100380872
40892385838289
42895995337749
44076785548823
65640548088267
35390381665561
58796160360464
36791143661975
57580394160037
63136637523200
51687788223617
63137365696928
45733418985570
44612566401026
40664571326708
35897387124972
57170087944456
36215684928507
40927251512929
65144784740640
48453935842207
48873488682765
52107087434083
48125763103784
66839896764880
35747550289473
46627910419330
46652799779374
62974161426203
44152813163010
35194437009847
39605117913742
70261511922011
51233058419201
36297774139008
70298997749490
63118762215903
41835743145764
51200353691969
49457795990006
61598313647871
65119730009204
66052438425545
35184528545559
58524579181696
56257633371119
40201383560707
68918028856797
53199105813437
37124611410534
36834260350159
48445511879180
39787911998593
51497324727731
35186905096356
66503802037975
35199379239040
48935933854458
44353787403068
64302753864651
50801736969625
37730244235274
64210876830345
69558163679914
61432030308400
54349407291135
64631289886001
66542683389792
44001734100302
45055416557600
43120705047680
64420054589399
35747769830342
50094480323818
61057070807600
35322364670887
40669719329809
58490543458692
62425736001892
46972058464800
39227047047871
35314874306655
50101000990304
35430455838280
60378312881985
64166857364274
38791960135166
59538942461054
54574208790576
37930182083645
67614237721070
63822708185121
48461124863076
58662040622753
37040877957801
40143249571585
39136896115435
54955594043595
63794357995544
51213962028221
46455268050343
45649966277042
35755323163131
36349823210541
61257039342497
36744574016010
69424671523072
49225184396100
65998715511810
43061677696163
70016925228335
38661753204913
50164949336190
63865794858048
59281175642202
50925427837693
54769538813945
41301419650626
63138955265454
44978686984272
43825527801929
63377456141604
62784918897653
42939137138737
44256363151966
35292854124987
54343768571825
68488473603845
36315432500943
35235926607039
57068662667960
44616808285670
39369648811314
46659476497378
59391357463447
38792161268259
46979728564305
66543429290890
63747249852834
48659347605992
40485571975512
64251543197978
52394042116488
55440277279187
51664950882645
35357389267319
53617527862199
50137733564856
55852317057200
39616728368909
48016744540736
41168333967446
57094431881713
48002237739521
39315618794024
53888233749197
48022114754600
51627130159168
57475536106369
56687198328099
36801537516560
36461035394084
64207624443240
53618417595922
37452660211623
46858044115208
65971752930809
46796363548768
35365616527101
49079016113797
44456699038080
49048442850636
49706455287631
58717313042440
40700265478272
43605802194467
62086315475328
41621610172669
54632911471632
60464200112991
61056610563407
37606818776535
64854384409891
41441053143072
60886010032528
39960034399762
69269999188357
39373064177832
68908103773561
66595751725526
60599072493808
66018899181823
35188146832966
36636073260672
56273508750139
35205847039676
48103550662688
39352483185700
54998699673608
54355508855576
47892174036257
56394267547957
52806923552190
63866157779008
48620275368546
66610922537216
40131088415940
49400191180540
60629104808409
65169193914496
39027336116657
41131037069328
45872515511089
69630286732489
65975412718157
41378669170886
53241013077791
68897681914862
37715709921464
59795924694923
49045187987400
66071796969158
39587014941271
67212895649858
62222225242077
43676304818626
68887905299070
64343452959011
38617350541864
39344062280208
62053822331385
44413225011458
48945455579938
49588806784668
44273203926787
39863877884940
35338775300164
54024823505576
56388097220981
37999813159803
56185819521140
37334322845744
69725310796272
57576973617506
35210494249467
35785680096894
44040665827912
35199756534505
63614026142538
69453719012837
40304458867425
69468970674184
58211002486966
43385392307713
69637505025476
49001385182292
66731357520835
44227075923474
56764542361947
63308740874222
45733954316898
61079775805302
62827813521155
37353910050864
53003445673468
39156396476636
38817507078672
48735223055424
35439164263944
38809903689524
51421219897018
66902750224146
35216680159610
55163400806864
56859198272688
49891334397445
53137411479863
48530983059374
52263547191399
44217533697775
39878226773054
69272269292031
40145464364019
45040050058754
61870632433289
66668862331521
