69230844096510
60254642613705
49992166700021
69744132684787
43968602715478
69671831619740
44838265358557
65971668870654
48145702551100
59370246237312
52624669437747
37790353325856
58813099244493
68582085987678
35680160659805
57652738398638
69644223243169
51814411165431
70091165638412
61194505138093
65403665512061
40195524459168
55347057736999
46110550324959
64838905978817
66979208195951
35977933809019
68063904949733
43422470995073
44829659516911
37837823376254
69797922699376
70060847800446
50671876283113
58686757846144
61848176883495
35631635531295
67826057557024
65162730200072
35868513763098
38225208812212
47127346784248
38808871665467
39435218924196
60780094932488
51375526007606
59252580940535
65888003667423
46349923785707
44774682283293
60860889033692
65926724432073
69439183938534
44633152711939
61606867766830
58685784738456
61014125934003
56868774508635
70037829741807
69091515952101
59922173582847
47179000976640
70368391330453
68067161612407
57316863836127
49192072313253
51494413909757
65530991231086
61424859042461
42582500045272
39620007838490
35930714812448
66932739637154
66755078645323
65763595350342
69217018558425
67564305381880
35321175482105
69805157281589
43009052602223
51621133810862
63771226478608
52564517978085
63792779881519
68160724635075
67667940765531
67613117289779
38297277419357
39027879828995
62086956976445
41374367531604
68165076273598
69709894620127
60656698603060
68983026269077
65795370935803
35213438985083
55336356831049
51839512999423
52724479529198
70195734555739
41233686603133
66057318432091
54045249625974
52672779561372
56613268304093
44366106853373
61408216527601
61004619953808
61206745250031
39079558102573
64211900361982
68530677962304
56889448509395
48315960655155
37294329411612
52152410037983
47207243128638
65263856451023
64646207690749
68856110310301
55350867130253
41063156542611
42283917311223
52971273901995
69701118818683
49475131146335
52940714148868
52106802080383
68719190863027
66769541528510
61217499810229
63870450507471
57350566176762
48145739507703
57074561123063
48606667789663
63258695416173
63799071554366
52079093816999
55754779786994
69986423885273
46232063442247
65827937741807
61491406077615
59089521557247
57993531883503
41446154943963
38546076493167
70204476325545
44819821249791
64865093722423
66657741799119
64852793940607
51809804336000
41340510960087
65659282519024
40382006278010
39791406219198
54556597121426
64746128015224
68991471604707
44614199042786
55548506895881
43682271190001
45250650302990
40818316460469
61045843860934
52210564170081
51671876608473
58423185929444
67056439261065
50086993226796
39215573515647
38467952800121
58799243703191
69686740119422
69253103069041
50319484497845
47102490568315
53310267120590
49245926496335
65728727966663
53130366861275
49166087420973
59089244354106
68148446820653
61568601989087
61016267619667
40884867332284
60037790148023
45073719843749
60621826685421
46690508160528
50572497836283
39375729539850
51918719931857
52608503538470
46114988144367
63049029725417
52337610646081
66499800159900
65965776404335
61016445156817
69696018250487
52509464748324
44478748505973
49854201446126
64890362337552
64485436623871
57833747146735
60381458313365
68672660357077
65261756870252
47243727752266
49959021282238
54082227834084
58089264234174
39306701702013
51951770986143
58797964629196
67703924490483
57154083681762
52041981225807
45816563314164
60954151786700
67871837170662
39684849852927
70360900656489
52501168408586
52329881445995
39513690473535
69578272531445
50687957253887
69688895733651
35486861495301
67842237929616
62661424236457
62499178897103
43805979593562
56638494953468
50200566334426
70036884878303
53233418670582
68074826800875
47077681887729
63128956026603
41157058244030
54461242072913
55925935713151
49692943121123
69530540783266
65749982881791
47271533872661
63753109352252
47915408258631
38790074023851
52080688791256
56966658276993
37036836704825
59180320145320
52286090848763
64651756775992
69534082759515
69199623713786
63868303508921
57605172758007
59658436514818
60008096378092
70292472583748
37849196625665
65682325700223
49148543205079
67377843641839
44547663177307
69775841431183
58494725797428
67617106361663
60060271312869
67860646777486
65846140235107
37021466799547
51986820788320
46715992363832
49477886735127
52171185313779
58830389951483
69947094406556
50198356299227
50211116219990
65488519398286
60966752303292
54921793025897
58538247764718
47587683315518
40619286847188
53262999648851
50826489613289
68970369757139
48506337155503
70133922920535
45685416525117
47277229912029
54062097935839
60335597799127
68288836465819
65193161916289
61431742390131
36777567637199
65251070947584
51984603770877
44511856907354
41371344418751
49473386340143
65689241250234
58781514506174
68126133256111
66621556107810
35427053411301
66193256741320
57994536512162
45864716312381
50664107601365
49975777004847
59545258677691
42596906216998
69546795901357
48090105987071
70332750841320
41375281511942
37996511875819
43667970658366
35713899508199
70142893469487
52604414850806
58749352143996
48868645206781
56853952969270
37476810816006
38419547364031
67993156656255
67448129630649
64832377757823
58691646354839
39285965028627
60008192268750
37365204048827
68986157907179
52650826915555
67604500689623
35242033282223
52638335791093
49203061235327
57581224263538
36317152576635
52766892705182
35308017014811
65724809136200
51659528446218
52769310374639
61291321230783
68185440088038
67892035272698
68011469553590
61215085928429
69715751861920
57078573022575
37972781429245
70012783132645
58816819814183
63220769880806
66775421414623
63882498405987
69473211774526
62110539296577
50163466344207
50474463998770
66466865769781
50567527241649
68096157910452
66373043578911
70096942376309
45684748635629
67806772374668
69672806905838
65912568769354
45024653858551
66520286202252
56074638987570
67722955969243
49336279830205
58816943980475
36042556452108
59923344328188
35657917455903
70055605677641
54110002311163
68106223992187
60451644373992
61189247458435
49239840916486
43644509419023
70329895372970
54455018258383
47121625258048
69703023853033
59935991343799
67063837068411
55926915578939
52329848451512
64556975732904
44480828677382
57702254177970
51092116669431
68114401133884
61171566340610
36792401788894
68883607736255
42527767816378
65764504307916
63453561352007
63460157906394
65883376426748
39983092423163
51638353575613
60764369026165
43859636793516
70329871145329
51918563459306
60455605100863
51200984037293
65268367686270
59291470922943
55282634323951
50540987422192
68680478935188
62471321945702
52298357139431
64305898001514
54161661900542
51607731947747
65747811070966
52209122435455
60372129370604
36321317815334
51488285012991
63746969937811
35827661257309
55950024751327
56489373052365
66552484329978
52500859229264
61151461326924
42338713989583
69273894518126
47852930825855
36735676688351
54656982054027
52501019620272
64867911232191
65269083936701
51978563178287
52209304051341
61663716666883
65693055843345
52535654041951
49397667618906
51614724859821
57136373235671
61877088324074
51031372685991
59528172098010
47386008893903
50705831130908
63007480518808
69260581371726
65166290061518
41281062840500
70349057528224
68544649874313
52998812382919
38738721650744
47785143377913
60500985581229
69817641483197
57862747300802
59920447510858
51793827360471
60072230538935
64112677580603
68128311332782
44244588109295
64834277066703
52419517988758
52475666213727
67513957043016
62449579175425
64853987889384
43296356990879
69640527273408
53069298766658
58684078920183
43431713746860
56470983929621
65741838606253
57577311160735
61571381979094
66706350297818
61431778288768
54692429964093
61571785752525
54039553566747
54425414731272
36768598703125
60621302101938
45870918289118
63370622435835
43949799002324
58687337486207
65402621367316
40682456017327
54075844400095
39220961227479
57053238142335
48106417621448
49081784239597
69916954098071
54369560468873
53944626184559
51246595407469
70086818177018
58986649844556
60653907612832
50553558373812
52398952934291
56315526640447
68985779280879
35802396655583
69711427240862
52757537717993
67285963661007
50078179054692
43428179770556
36310110674855
43810807230612
40169593282054
39277395942353
70328342437111
43013348178640
52393734040746
58686417376446
62960760716995
52317781737457
60455821106053
44014757429079
68685032640200
58492083747527
57001194206391
67452672668387
60874176716608
42709664185904
39026337369730
65813306279798
47125532467191
63427736103770
43911743110572
56953871907171
69869418467278
69637239553894
68570784178113
36999869639991
46561594421877
70074889609467
35774858678015
43494227446647
59798139112615
53619488177937
65923589945793
55766867448767
70358870126458
47094344175106
66722826739927
40921832215936
70203085289043
51125934744057
68912295117238
58779898854985
63357133178048
36342486261755
63496718971120
68167336248253
52720710483189
55988775301366
44564387131308
65660367900519
56550857838335
58995016826449
50384671506543
66236945198519
51809180580531
61257188624746
65411881892965
56536799861113
52541551137463
58664315483967
69714329899005
67857193025103
54382204477293
69121032705398
56899682571742
54938757266645
48343677103156
68554870334293
68641982622331
64257257240575
54971754926461
70309635910138
44527635794430
40541942644141
68670351086404
67333735728494
43954421560295
65173792406272
60296238956356
61202724781307
36519559857686
69843831679722
68167865768919
42771437371066
36901463485986
66260590523919
66623249868207
43842982006197
68719231499344
56590363371763
70023877073544
50955637358502
64614321151885
62908952330103
61017878716843
64993065815018
39069694776895
70081444734839
51066619749262
52071499034559
63114309514143
57105836060199
47728693454139
56343899334310
43782208714687
63549095223447
55449944953842
39579682575902
56735693913197
68547672735245
60172231761213
64593891081649
68787382433630
43942200454022
68233910289277
64258656117660
68066301833211
66864851121503
52255819924329
45646350177499
64622890581843
59059822922215
60863942223023
60395749629777
50293177312729
42242273572873
57722815626073
60676552718974
39667109323876
55055114926507
67728008264994
56349162446329
60165285334763
53305504586751
38297954417405
39363000252222
50376728184336
67605150039969
70212444945207
54410802733039
37606129653047
56332470025573
37967599057335
49233042239349
63465624288802
46856096670568
41231517574696
65457785414638
66880327569848
64209170372464
48239777210291
45723768704881
69268606095086
40174823169790
50448374332087
44392703236950
68168768923885
47882541081183
57066139091598
69735966152703
61811842211528
70367530895944
57547346583113
69243741793467
35727683867392
50026569314271
48017170954789
43534808290814
61009674803626
35389460869181
67911082916623
51229425565127
64202290599250
37710997099511
50665444199928
70212508262039
46993919434105
39429613158911
66881027752138
56484254383564
50488377876644
42919393363197
67960272245275
55309053452791
67921683377930
68721035954083
46721251752251
62928462015266
62411697016655
58863541016065
67889027583614
51658926957959
56592452670839
55165616818081
66209998938077
64821703670739
43008350992377
69816753051350
65952267099424
56122329766973
60296330615985
36456164732651
63702887677455
69611449411879
55241196627080
47740625072910
65624641950039
65973851620872
36882179974009
52696966918241
64625315832090
40058352478367
51505216973873
40058451851912
58811665456192
52196938415679
69747330054227
55027203961711
48063263259858
63755475990306
47927022966765
40353289985023
61413421318063
68565624903285
48933396417533
40883626426259
61550987670429
39781318219742
65282803695606
58798772213758
35285323998269
69268408543223
58842124717766
60430880337743
61503104971532
49414188825565
46170069584639
43847320745375
69050989543212
50826600823520
39594028211719
59335965572225
55576536381214
69998051092946
58872693258207
69372722473697
55653367674991
60420750400446
40316169789459
46866385575631
65746104167897
63311959609293
46248228265847
70167550130022
65673051844880
42336014084059
64897972307262
63429560783296
39368844409464
65946113277310
69677217410908
39535028782756
48916376572421
40350192728823
39146396319193
39891623951327
68017775717231
43511506970351
60152239734447
52430746025024
40757250646518
36420262097911
46270786662169
56829200748541
65584249021049
38323158509527
60166447440244
52638938136388
61162688605637
52681786633340
48234474377308
60470972350332
63207942992767
68795600383041
68572765779113
35545672458111
62008586460439
69944536695271
69689971543023
52611940120419
58694821183117
45903499427159
67231006838654
65450299412001
69200163829404
61501731679341
52208691295833
67842999839398
59285775773163
60925917749182
60954762903344
62933308503294
40483814112343
64037242338932
42329847832543
66177837515399
43396742304308
60058674377703
49106684697567
69039098884534
51016888545029
56143330344639
64040065084926
50708494400913
51098542888895
40810702681869
63761131552727
47858496644388
35273691785887
60651878704486
59261435412355
70160085307906
49631867461623
56879176738340
47592326561686
69951460334829
48898738873958
43833416102397
52336553953222
70310275495857
59761472786103
45963586440683
37820668833591
68856847904702
35258829983487
69119290006783
69678809814846
64550663609462
69706574917490
65660503150286
63256160827055
48059875556847
57143682797814
35725128503663
61046500531955
49468545331573
39591509726901
51595940985885
37728906196309
43677962661626
54214948417891
43841883166973
66536900497257
43255823301525
60440129396575
48855043914589
69773487282604
59347518340039
36330727063297
66277796616969
44244436650845
58450064550033
40657505352915
58877854005934
68890358415332
60656536591871
39528059289155
38896924109183
52741493095382
69246416174865
68992166396349
48203758256535
39521884206713
35762056548291
54998713849603
53089334455559
57029076808399
64656096194086
42724672200499
40595426781919
50490645668573
69420559224669
68701031211754
67187245935207
68168646710648
38005123268431
43832525155709
69575785099017
36329060543341
55295544391981
63941238444801
49422329167274
64643047165984
63727795651370
48042952668655
49999688857896
50540621746116
70004689706364
48840220513934
39777566883536
67557246335367
70340137646679
59499992444666
52220151655375
44912468776492
40094891217897
43466074385128
38392537526193
39169178859091
60610366058495
54926804819615
37382690337919
52423229732271
58455431940303
61320228224252
58270826707319
51530709169488
64197396238010
61269898821055
54825122928142
45837190528633
44601270332386
54906536931115
68701918836190
68505638995585
69234285050711
58628145016201
58667071953855
35428501821881
48237919982547
67325991944174
67050854305614
57691448012567
65434329275717
50472308082918
57002687551520
48326870952878
39376223206436
51151717484035
65625035462889
62044895766235
50169756023537
64664859310844
49380849383358
52604556953848
52737724869580
46179451847758
52733519713943
65817993102901
62625461430760
68143612877566
51664823754717
49511943818830
50003493911990
62828523160783
