50008415953915
52208546080758
69127496497919
70162568547579
68094952996795
70367397806055
52484495110143
70359072108527
69793209909231
69196063948797
65970687171485
52690658245231
68135360360183
43840809334775
70366592417787
52501409165221
69818987706236
70368742588398
70093865877503
70351144746943
70363691875070
64312303416063
70093312554751
68990999199487
69807177039871
52776419876863
65900903917021
69993426976763
70231169694655
70360149000157
69130650615503
70334232100827
70347184290684
68169720094175
43980445675263
70222505017215
57174260580319
52705684748790
70368204423101
69947836853175
61567281659898
69471076089855
61563387903999
51597570719739
37364058487255
70089559359231
68890700249013
69406331494095
69506528690175
67894304963967
67544517967615
68718804598335
69543573422011
70342420189054
43842885630974
43980426833407
69249905186805
69256347647971
52766623694815
52776515890687
69269229108943
70368205012895
70368203038655
70356395622390
61553947440623
66725538158383
60885387515647
62912642996223
69268962797246
65110290710527
68100992776191
69475357425599
65833250322429
69260105711579
52104328642431
70358004527099
61503354664942
52763672641535
70367659913015
43969694072542
63771495624699
43684916617175
52483425812427
61289173049341
52500597436366
70368731578351
61004632596477
70325777203130
65952978762719
70360150011839
61426620062589
70368206575482
70084722581438
69196050298844
69226266091519
70351555870671
70359076233167
68014528376798
68908421611517
65798592261631
69781406865374
61409341210111
70368716887805
60469371862765
70368714800923
68169720653533
57150981733367
69919114788221
70221901331327
70330022338043
61550765277183
70356794011610
70351259825599
65820365422494
61125369528303
70368739983158
70151579553535
61400758613942
52363905187563
52767963938669
61572507729855
52774913965821
70093857863483
70093044182971
68169720778487
70368727398391
68169318266615
70342973751287
67857798889405
50575387131647
70089554227167
68994354347967
60198261489599
52740151443454
45079808964607
68990294556095
52775471783883
59339268095999
52750787280863
70196844527595
69681472863999
70093865221867
61554262767518
43385206341631
70089553901055
63741005660155
70368607071995
58228750614365
52755049611214
70093832707823
52185998028725
69767447658495
68649415080361
59064255692787
65420672809599
67585605361583
58269477306341
43428560756335
68710752583679
51470885153774
70368462890631
70093596540599
70267811918267
61533860036607
58222308097980
61538287222783
50430365130599
52737365901311
70329015205887
70334375909321
70331960131550
61538289317819
69268691183007
61568347264633
70351396270047
49477820594135
70293527429051
69534379646196
61546880810879
69199970893822
59214646849529
70367787343807
59337120005555
69647103475707
52604748937979
70355840376831
70084177428479
52501536751087
69260609056459
70080291921855
52566037490559
65884529876989
70357449963519
61570484711351
52772243079147
67044363993055
70317200306135
52158080221166
70351553789823
61434138459519
68165157513151
47777138601983
70300022290555
50571092164557
69217675634687
68985620987391
61554925862571
69199703498591
70128213425599
69783780291967
69793185001470
67059320749054
68169695677759
59235865952107
70332093038575
69748120727519
69784619401062
42801479811071
68908452114347
70329785384339
68134002095579
70364438462175
52604486679294
65008054433535
52226800217535
69522094288383
61567248891902
61568255507455
70294521756671
50577534779387
66924041912155
70230231481821
69816538820475
69816538627965
52742189252542
56070755581917
70194527415035
52776541224703
68169318006783
67890346589151
52638850547174
59373493616639
63770600590335
67070200900479
70368609958399
69809323638268
70093797915131
70316659310590
67958462053879
41644002704367
52217976446942
70196659731453
47536661725181
70042057072479
70349342585595
70350211112767
52636837445117
59347746649975
67344549977950
65694726863611
57037165166079
66930622328571
66992857874127
63634235355135
69166152679423
70333845466871
70368605740524
69200359849469
70367629270967
43705553632239
70325256974141
67894842941423
70368685457071
65695249129463
51608309186039
70299486744569
68169715317679
70290891587535
60868242426838
63771135432671
65936218845149
70294655459327
59214702559230
66232689621631
52774106560495
67340716726063
64871168212959
61532636966399
67891955197885
43975498464766
69817880272735
52673457946623
70295460560879
43971836116972
67740077391679
52776407090527
61561911555583
70346018119669
69189588991995
50481971445375
70080913207801
43894015918078
61430908315983
69260336275182
68027444822014
70299747872735
65936068967103
67442780667887
70368702103549
43286257467389
69466599440364
67050613186551
70231203508135
65936337895294
70360118312927
50019116761011
57036937097215
58261231106027
69800728849883
61397562031743
41506496223083
68169551052221
69812939914679
69260508326357
60875100585981
68027976495103
60884248428031
70328478334639
68167539355028
52196468588014
66657886666238
52634722238335
68169716595571
69781373190143
70368677068478
70300019359549
67619424025341
69148432328671
70365485129593
52181638053743
70368735262206
70204929310207
66503139360701
58819558210047
51642686233967
70359432626175
65075129875439
68903085997759
69757181083643
58274116220879
69533019926507
42331129888735
52733446913529
46175159580414
70342401835005
70351395454927
70351094275935
69161313091445
69191709223643
68169416801611
66898259605439
65970429230823
70282574176191
51573933735646
70298681995067
64655095495679
51659827756798
69264650255227
65953480010678
65936069359599
69714692800479
58785146003419
70329808412379
69661137762687
63752607105023
60334056407009
59356041182141
69817755040767
70368693690367
67997919739899
68147171654613
60404419697663
47208736750591
61567819045679
70298407645023
70265362972671
70353676926831
65798898924539
68989988108223
51127221337983
70350456995229
61432796245759
54941217421274
70342264944527
60022151184357
68029981384681
69747969884026
70265662601214
43416732810719
68099893067515
52771589975351
70119631875071
66881230098255
70264313345882
39569498045245
70330087863807
70298931552255
69818979443695
70282844829118
70299997935466
61501783109342
61572650343647
69681540692030
52759042719714
70211440908223
39444912535359
68702296308693
61555295123305
65952980893671
42794871685119
61486743420767
70351135436222
69226077286631
68032263094206
61553256366067
48361331744755
63770600668535
52707813322731
69818988362487
70332752846526
69217625751542
70282827757295
52553201871871
51399947370407
70059358678326
62667363417023
50439525490553
70063746859007
68135360623503
70179203379839
69678863923191
70368005844917
70144332114431
68151647535083
56951182424827
70297321471871
65695811231742
68168424750967
70355858554077
50568575844343
61259082874735
65952594911039
64862046121978
69955789755747
54699453577215
70357939617791
70076552176635
68942814999551
69264887119335
70364382093287
69114612633555
70363173994483
48102554652639
52705657614271
68169619800023
67478600154941
63457729933239
69956426774526
64845416234911
70363106769919
52776373567206
70222635461821
60473072144110
70333941833599
70280415805305
70228080492543
65969623834619
69233744017275
43980129566711
70227010252791
52776423633917
65695550787581
70298783072245
69681538629631
61537217666300
60881161404286
70227010220031
68031594102495
68576530587327
70274237857718
52449961312247
43907958175679
70278394675163
70092857106421
61572082695675
69681549336446
68166495498843
51536251563775
64697105116153
70025145218527
65416105222143
70364436083581
65831840444285
61434675038207
57173928312787
65966393229231
43842890661882
37035502942205
52035659493373
69658999193595
70297809574398
65927721648057
65622771335167
65687228774398
70368206189567
64802449260535
70368672874494
70368001785847
69674661772543
65970696878074
51655504560094
61571492738813
40681842146303
52050423431095
65964246824927
67959258873778
61227608031167
65953490984670
69814626254823
68030032494527
52398600877815
68854717660143
70230764158973
70333157587957
65952425672559
69956360104955
65970696605674
61533961845503
57156871127007
69224670100473
70333620813783
70222706900991
70364105242623
61568355662839
65965864730621
70355761741559
65936313675759
69097156941759
61538017737978
60335387032575
70226468392959
52774939061246
59373056868287
65626265354221
65933628368879
69955887824765
70368727137151
64596270234751
70085200830463
43292599222251
42829313212159
70291032112827
65695810174717
70282772478566
52226798123859
70265127632765
70265102923255
60386938049534
45818706788351
59372470269342
70368205142967
56487409548286
68032281943671
69123203661758
61400844074999
69254535610365
52636962242554
66561121435646
70143205932767
51658738323437
69260575506427
70218386702075
70368605707134
70316113517561
69817889438139
60608430827479
52728774487279
48368948346621
70280696262111
48365624491964
70360154103038
52308406696446
43962210450425
59064351457246
70291283705343
50568893560491
64871051689949
52673210347455
70367995232254
59371430084569
69268668344823
65953517010911
70265530744767
45887390708671
43910638271695
68167523106798
43393660959647
70274254831519
68164309221343
61005631549420
67585538256757
61552165617343
60898207072255
65970110414329
70368727399418
70360153715583
39170101738650
69792143768431
70224854118271
68708535827935
66786707890175
66517230026655
70231137351391
69269131886079
57088705088375
64218325831677
56865333444558
39032493440190
70059438243799
65883682619387
70364445002619
65962097115131
70231288315895
48026256932622
68702261215231
67332185522111
70230734134519
69818820590239
47003853504484
70300022078695
50540991672318
65970678783999
52762767179647
63667923046399
67996848488447
67053019815935
70368186334195
69200510768127
68169720920894
70231284248539
52772169236399
67859677969406
48361247861439
66227827357663
69542726254591
60335423749535
69815133787903
65927070326749
52739981574111
69707319056378
68648374763455
47823101877751
57174600374039
61005696072699
56624829955959
51601749242873
61572382391647
62672144956627
70196937088955
70365520642751
65965186248447
68096698055406
70346597944831
70364297669623
70348242270173
61533987929087
69586984566015
70358140943791
69268116453374
70213586386739
70334308610042
70093853653503
70282844700663
70192649420723
50989851410415
52157948598015
69578435976943
65936335306687
69269197942702
42760694364159
70368672870104
70265591265763
58260021968876
67619426140159
70286535748603
66313623822334
52226633367551
69818962916015
69784560908029
56005014581165
70222681735131
56075080424955
61567481130623
65411974361078
68158983205887
65927731216379
69939220043775
48340594958007
70297877131187
57173501280255
52224218071037
70363912338911
70300024659887
70300024303544
68442397867995
52704617164731
70324519230207
68169592978420
60258374320093
50499386571775
70229140659891
69818551033835
65764539228075
62667783655419
67859940067645
61533107255290
64552251011035
68151450384731
59085260976127
68169653802975
69818445330943
59901606354799
68113609456125
69750268624731
70025078325231
70152787817469
65968550130173
70359801069439
70093828454397
70368744175101
68126695093755
65936321116157
70333167860605
67894708011006
52737900739439
69243394981363
66657889155838
48309724708858
63737130114047
52587570655231
50530146564603
66576271146493
69131238850047
66794655954711
68683734450167
70231003234295
52707567541228
60446933516253
65755068465071
65830037421567
57160629091711
70366527700479
43703372315115
67022931066495
63771672771583
69173669527518
70092255651315
43978317626927
47243431771647
70364241554927
70265646087167
59368787501023
61499031027709
56555860773814
46177324075839
65962067881951
64852211007163
70360154089087
61228986645501
70160291282779
65090225168095
70368138886652
70333995253755
59165686808547
50577263290367
70329300418558
63736691810291
65940565786420
65970647301980
65831848902079
70367938345439
65970159680979
50288694001596
52569862406059
69256192425982
69814122950655
68031669587903
69247724027900
69250710238687
63221918597101
64866856730351
70317204570079
67894686770907
65584061471742
62660216083199
69249762441583
63771674398835
65969316356095
59369330704366
52702159568382
67602642567159
67890273271802
69269022833911
68444598271999
58229014921211
52226500196351
69251515776511
68162737405919
61520708894719
43253877438206
50567870666735
67568157046139
69230510177726
65618501877759
65829567715965
68167502117853
70356663458279
68990050828287
69818432487423
68156297043947
69195144331197
65901833484282
64504872291835
70368475606705
70368664485359
65923313561247
68976637615607
70333029612283
70367568461686
60197716303871
70298409882479
61568356187885
57171340883951
65949165158131
70050916530110
67065612058095
65884796217311
64784728849917
59923244449710
67597399687159
52737903394799
65970697141599
69263863707135
65970630426335
52621624735739
70291128581467
61409441332703
52466246680493
66518570233267
70299789557477
70360154242863
66297110983677
69266514636783
68710719025083
70299537112636
66795297169407
52774276298491
52740050733054
70340692670393
70362056292287
50835232898493
68167430799231
52742063898623
52600464342015
64518260514807
61536680802303
70331968516095
42602450124790
68167562293183
70365312689567
51329153892335
61555471286175
56861071879163
60301256882175
70334348778495
61215896238847
70359080484719
61537988901885
61570503571261
70368743894846
70368400243898
68167497931447
69269219573629
70368609689407
52089145261985
70351430090683
50540620546045
70368475742015
69269231501307
47241382717177
48377403723487
60450523835135
48375097389023
69512829008127
50543166734303
67585571799007
69818887142990
63745619393327
57415121763836
69267082936271
68131064094707
57172398440443
69967932292607
50576427577213
46157944840042
70093584922622
64758438919901
69256345008125
60198244661052
60188597352383
57157357535231
68169445785311
70350222065663
70076686368703
66517232090111
70042082867054
69266682281599
52763673231327
68169698115563
69118369987551
52690642004733
70355859275771
69268152381437
59317789089783
69062000260211
68685114896381
67069124541947
70364449155007
68169576689407
69252051621887
64802456974831
60747744804783
61297638768499
39217077796351
70363778121693
65557300772857
68718922432507
42878797062141
70366596325311
69268157235051
51949625933823
52775752826815
46179268394862
69818584334334
51384974966775
52772263149551
65897683221983
69814558089215
68165123964925
70329887423867
70368609941469
69812269017083
69818577321947
61520775118295
65416109435903
70222580669437
69269223210967
69268896838367
60468844553983
69131242830846
52703447146431
70368677059568
69129635609519
69114407157723
65626563409311
70368744046587
52776021262334
70365388734459
69817646165883
69671346764793
70367670165495
70366328242167
69097131597267
70325583609343
52776557936639
70368743890943
50567858339583
61020202549247
70368744040447
70325760949047
70085075000319
52776230968191
70222711077983
64850784807806
70228217723887
70274185101045
65899159287295
52501677080575
70076317234775
43422119327707
