41285374192673
35838925341700
36731702214777
40155077413128
63231053824465
35717485496576
54975749401604
35742074407432
49241942672448
52808787298363
52845376834572
35186083487249
36292939613344
39592621599745
48675611410496
57866364975296
35220829144100
49637339840672
41286515298321
35211568227420
39086485217856
43981204405300
57724362652801
40069259985021
35529043408517
39688853782865
64089778848201
57275689781832
37933151158975
64203352776722
35470004472121
46488726081934
44256265899908
45986634744002
35974948658177
35185014261249
36183158599681
53240519577857
39583493520449
39686709199224
37449986482592
35213919144120
54583736011144
58420166199816
35464090347777
52914148146563
52983526111824
58428743551364
52078693646372
39185143570492
54151488807274
48523638211156
40828785787398
35217680173132
35839119880204
48997138072580
39194815703144
35836169553930
35757755336718
36900480253984
37545564442644
35184422314886
35700942706694
36311063080137
66112570540256
35904921012296
48933019846720
35707421477384
39308157001760
60172762406913
64445072031776
42092330561552
49685528092688
52799123798289
57630144401424
59734413624321
67083243898112
35200765788459
44547543781440
54169216188707
39325534368640
64066441724672
40682198701502
64184680382468
53357588791360
35390544820881
40200893983573
37404341832137
56127446385104
35769265030692
35254114189888
63858255347714
42986385735844
35221755069444
35562329259552
43465426732064
56773043061032
57269232337385
35220109783557
36286498472966
52920520149004
57175013360768
58429280420104
40828768616835
66119146700932
35200788990482
38217170813570
45698455175277
35184388210707
35704365659200
45355399922089
35251297467432
47454625053473
45629987649856
36283884118515
35186536013826
35219201842177
37400720572885
38002146804235
64889063736096
44255359748160
53944801853660
36249708659716
52787564048591
56075131156033
37384419675650
37513363059201
35212289640540
54993542455560
35596689491327
67225100806657
54978501681408
55562490937632
54978718876694
36389143974194
57328420274376
52979546489984
53705378894080
36289017740289
38521013280900
45544370668816
35735205450131
35460340161041
37386063198264
48544172311168
56906174477569
60269128644097
52785953669368
53929766429029
64068565140226
62144974708808
66265456903176
39325065093384
58437346789506
45945648619524
36868069207556
42404281319905
36286036668929
35194791560200
58496650321952
53212313962508
56799869952032
38930800447572
39086627759105
35807157960712
43985216602688
49209017779204
43981011812851
53342973986952
48951104408640
46549946408976
41612933875762
50659745382660
36520128676480
37433878513952
61882434298169
58823907737821
36288191949459
35711615501456
40851870892162
53075612205084
43999255703819
35533384880511
66662623839236
54169212944898
35184375112123
52777044673686
45012993769728
36342961621040
39587363324674
44067015300355
36834294898740
54998675292812
54297484072196
43981398527491
35195110556029
58285697827009
40063454949407
58317417488672
44537100239876
35208279754780
40137442672662
54164927316440
36347251673100
51420025856033
39350763037832
48999202957360
35213386450978
46197251376384
44603241939014
69858186297408
51337880961664
55268638458904
35373368484732
44553191164104
61899614519313
35354308938760
38927171878928
35191888284078
58525560752256
45460819694624
43322329563264
44031073847304
45025088095300
44505558942992
49001350047808
57418612561684
54047868513795
62857398256896
41198463357068
42893034434696
42335697781824
49705791307904
63033212829826
61592524894467
36529772254224
64133131141441
54436932231460
37006788883984
36878767366272
64151245295920
56592674398240
49001686770760
54993810292992
48379400847607
57875384928384
35766361393240
57184540996992
35184506475005
52776826601978
54975592727375
35287534406178
49660695691716
44051164950017
35208718352527
41713831776277
36011791484108
37478019105119
52776843150080
50135224557760
52926887634466
66399156832296
46455184557312
62947053513729
48965690073120
46455486677762
35252555022408
35807163335111
35195124449974
53350523666688
36868143319818
35189205012975
47883047084064
37970195325859
38588301447218
47878215358528
52265592299680
38728898730112
62002147997200
35258329350146
53472838165512
55957526808838
56386562036082
35202273382583
64064353276160
35228647365633
59401167732992
38523776577568
35735031521312
35184577723905
35605414346368
61667286253652
35803673264644
42280229079120
37900188124296
59520198026241
40200969666926
35838127505952
61899740287265
36457888708097
63926570385552
37969726842881
35322222427905
40851885787272
55889381916928
47286586974506
40222505583696
35529044269246
48387101589057
44689138964032
37614417873932
44122710884356
62699899717640
39047770726704
37452853151388
38620482281935
39611414375944
48997174674505
44001537395224
45702948455940
43981011524097
41170521821201
59013119181504
53368022238212
35193245141566
42369987780640
45116764324384
47451427440132
35531190698231
49207610180900
62689356157696
37937295394848
35495657377796
53052812886267
64185333979392
38866271609140
35188949656142
52810926342461
41921029403841
49036786143234
44620419440870
56665770958852
39088572866592
35210948280818
51579405758560
44741764863568
48537429246594
58284669305996
41781446178949
61582157579300
37450052149252
37970401865764
35220074074582
35477378957858
59580060402368
39069288509536
58274406383748
56816520142984
48955014562912
64066494664722
35185051472486
62195558826305
40276192412496
68600304051205
40132327856192
39583307797487
35257560858234
40690520725441
37110748811703
37670151790834
50027781163101
58965677334592
37762862547031
38070730494466
40359960789057
36854376437792
44623654586369
38482909001268
35220779175972
36836938166584
56146194990627
35209999356932
54393698291840
35218832747553
51183260557344
44811675501507
35734295871919
47608707481856
35211232684392
41254369120265
40828765078532
57857918061632
42908069659057
51763893831748
62448967473920
62402127270976
47579725365796
50870398157072
35199154266626
49039066284252
42367810847393
54997354843138
58516783063422
35189589935160
48634333003864
36384429607050
62539557830720
35200545771277
58566188146816
49136742195232
39587506438148
55113033351622
35809434661440
45703211663436
35437826349402
35184909876065
37933162757696
35203179614710
68470906032384
37383520781826
64076635966476
37385467462148
35253522677824
39142251825160
64340230210837
40852996022283
62965106245636
36286812425734
36283926639105
35493614867216
51769522798600
67912022900958
45733922226240
36329282871662
35528277512208
59785944849927
43993383174658
35373433750018
35219884840481
37144296427522
35490409523785
35253779857589
50273707364454
50036505346259
58456937638569
42402201280544
35701062111248
35596941398288
35286395199496
35229481239106
35335115484816
57352074563792
36112085653916
55250736737668
35221496948256
37978467541026
54462333887584
47866807063136
40201038614019
39651205497326
35257455740389
52776565146538
59968470209030
35188671382395
50199652507712
35253645222135
39728720290693
36317740210696
36672075206664
36913096504117
38006344909251
36887646439688
38004087646288
37550378979418
35186620245494
67023669444688
57184121561216
44081617306632
39582418667513
41477717623616
35253427199505
37384477601409
35582263205121
37477428822088
36892763516936
35184543503914
63102339387776
35224419905032
63861877199877
58282718855580
35765476395072
54014033035396
35734212972981
35186589954065
35217809884253
44359614664854
65163949547776
44328908882688
48451560239124
36891959500808
35476429997050
37555227661145
57728928059603
48779761877264
37282465325328
35666509182988
35270813614589
48674883332288
37383664031289
39591561986305
35184686007942
53205253752840
38494936400900
43123686772864
36188338016530
53257766973561
44358959630749
35196334312719
57797697900928
35531425714332
53434225025478
36300580460568
35775011037186
43061381963796
44927505402279
51201513656528
48999824375812
40961136657271
39676077673552
39591279196225
41373736681536
35188671644662
39625251110976
52265607111424
35219033851246
40820451413509
36257078462472
37679177794608
48657830265088
35841504184775
44668716976136
39631895997473
35197609707805
48482851244136
35197257366561
37968584683013
61711037284386
36868201906467
36907395469348
47934193336488
65174535151624
47194344858640
35347078091276
35562434670618
43534174556192
35185580962945
44496985559312
56099808249888
35699936727060
61728146728064
40965666523539
35563706913808
52926889205931
35184415731201
58905648744969
41790314512899
55000814407180
35297140937224
35253373794949
45702949380130
48401197828098
35296041501053
35803806827558
35477436696676
35219061749264
55559778140674
36835787224608
64133013701888
57349662348816
44500156702232
50066436948204
37391993765377
40300965681216
37520843903563
36570153354438
41164376653889
35459367683076
35227321826189
53472347349220
57941453481344
39793291035208
54091160486802
36126178150976
36569730384386
35200554125314
40682203423128
44118579609791
40200933753164
44256333269036
35288827565048
38523725004290
44050393090801
35270347054601
66813060776064
61873844347908
58566446711168
35488396496184
51196280783213
37727004653066
42644832141504
39857308992010
39586899182078
40201039953984
36397418684420
58971008835712
40163715975360
64068606038336
44057909412586
37555210551615
40706628387231
49001428893768
66557096050880
35596734956610
35358468870402
57186439186435
61592590876977
58966853976262
35189340267765
35563504144530
37425271320096
52932064707968
42120769646881
37969692012731
35194112346479
55888330162560
50032212181728
50646791225675
43981426803734
38482908946534
35337934276613
54022910247434
35344365127838
60624805857288
41297201381384
35953320149002
61096050344612
50651086209346
61600123914264
44049864131560
35727719536656
35770733568010
39615999053850
37643311129618
35564577364154
55008657770504
61814686105664
38886181969968
39596998132740
53808424550485
52809911511178
44495895302367
52776559482223
64347775115521
35215797128072
35459250015667
39591887307999
39314588247312
36870146831873
41936144368160
46799172326913
35666517295626
63892069827649
39061926453382
44530221047297
54992843973377
36187327178000
52795097181192
39601695769612
44530221694465
39107908626945
36801696268306
40959862931648
41873934925832
60616215658650
56659245662752
52907320708112
42061021690881
35264819037312
44878115562560
39067628413968
40715773034688
64257551516018
36298921197192
58300154704389
35735137567236
35775820597257
44565608415366
36192632975456
66365877141520
53060034723128
39326873358636
35842458534464
35188668630463
35286394378755
50663981596929
44410498793907
40965814227460
36665096152628
35249335438370
43471848153136
55259623967137
35426131908886
54023646398084
35223060428489
53897235472640
57320641045888
57797512609857
38765318909984
43468227362864
43981538889195
35207546013708
35202212708876
39611026769928
35845810553474
39582423744943
35287887647005
64716680470560
35908090200741
39586848866803
47296190021930
35194182436488
39728715957742
52776994515969
48645907185792
44276885553574
60921427624064
64057835094176
46319075914785
52799115210241
58368741900432
48452533355524
35537096397867
44736515672297
55562389696544
50677857403084
38518411240484
35494616572270
52871089242626
36293268873732
57320633576977
58364446933120
58421504247816
57200894805120
35218648089689
40236339564576
58351562014960
39619397819685
36800489853072
38678649113252
45050450939968
49589976613004
66596154403028
40222503221316
60929883291781
42894111048880
47611878056192
47936365928640
39879979624961
44243550803984
43984767507970
52922591408641
43913222570048
65147179636761
39596645804552
35361542111573
48496642099208
44226406274626
36183527661600
65202435919888
39599610923570
35493613964659
51270373900417
35184522368650
58411572527261
35194072595459
35197592338968
39602735941888
38926144373764
49001313993218
61095979532320
46231649887264
36253968371778
45098717152264
35270304735778
35837628646725
68449506754624
63772230353338
48843181892864
53876338290579
40340128531528
35255094122504
35185315915485
35786724608164
58179634202240
37660421791991
40846766901264
46591838903040
54013930407072
35704164600338
36591125346312
44014829954561
43980480376384
46197755281410
52979948851212
37589601779841
58454807053476
35699769126936
35184383534593
36661958811664
50102037200912
54095164248194
35855499395592
35460273538052
37900437033040
61031787398156
36283896047362
35212323224593
35378774165528
45666392354912
48761502659600
35468246890116
35195252473346
52776721856258
53566874981904
54994388912456
35184391905251
68317228302561
52810985243103
42160506802240
36430181041091
58506384277796
64606518120704
35211218005512
42372087071044
35394341578764
52299883913315
49276430352784
54091109630609
36600654860320
48584942716136
43982695956994
39589948817926
53886878538761
43980985352197
56661902705184
35185093698561
36302112489988
64049236672843
52778420606981
35793720610305
65992461910457
48455955251427
35348671365499
67216917762176
37400667872291
57805981878352
37688900259844
53575690485907
50376267087948
43983690698585
44084789170753
43987360711688
57251914072310
35350827330060
55113297247683
35221151542816
35197714375684
37675998742899
39642820776369
43985280845832
37965508919616
57831871500416
65970697739045
48997523890618
35358016406608
52020778124410
41918926688272
52776561125121
38871685411408
36292958749854
49001435054212
57243470793218
43097582043168
36645567074320
40178001512452
38523726274592
37384456671750
39689927610440
47863263789600
46238023049248
49349319491720
58413708116008
40690669601920
49001437094018
43998265934292
35321856918022
61852372822017
35407191738392
39651154610286
39657715056968
35185065858562
35871600769545
35200394593288
35402372747440
64064540655896
40203191345696
37383452173825
35722590425112
53079370434025
37966588413960
46462570702977
49622042558552
50663568524032
48451663446346
40202016407568
35253091605883
63791278952832
46480673276160
36661852769824
40686272250498
61627563312392
49697305694224
35237556251649
41377729257730
51201448615968
44599480337985
42881796582592
46180302166272
44465798529524
46609532556549
60615985205448
35193331122511
66074986965184
50408197328912
48998228967442
61573314977797
43985140584706
44605382905345
35490506217476
35873715500066
43514663608512
53137348048177
46472496218368
35267119417708
38004118827560
67207923515626
35228412286319
35228479914347
40201033968257
35770890035233
65164871795073
35669839729125
35635377217790
46591805259281
46241228785674
55003398145796
35207273253412
55269253972417
53394030463536
54993310386433
35256581227983
35804357973056
35187174539469
66152160073389
44225446680292
58420418904193
37684735379464
56917478179104
64064295284768
38724567076880
64068035741952
62036545376384
58420418117760
53610792780831
45808041855052
52794795173972
35425074904597
35196411185666
47904053010752
47913061582856
35668667936769
35185547391472
36430059533317
52881866238032
45666379251780
37956805806082
54992895674750
36462192322568
61788339044835
61599465406720
