44460022954611
64590855257598
50508644408806
52209621272596
46153708468793
60335110078426
38341978289935
68906235303147
61361851128150
64856891268963
52140530174943
64716961148666
68167479875725
65685543714741
64579056291575
50229487333075
70090376019895
52754676443293
68126380253172
65282294904735
57576569700327
39560909650571
68581976628935
67061588376415
47261280662411
63752068844023
45009910883071
69543970471674
55937637109302
60868137823221
68151131761369
41156255510508
70340536129484
51389157601278
52444885676029
52231889811045
67869064615525
68822282204086
64865749085949
70044306075517
67600631797244
70071708761983
64697466060235
69797378652127
67888532534715
65857684688633
56040148085141
59304895375219
52360952280934
50572655770535
51260275239353
52671927021293
70319056088955
69062795654137
43617438661595
45964199972830
51453706333431
60466023874239
52340449606111
66966055782299
61053979589447
46143964444131
68882073114093
50703653240751
48238905583271
68981452410312
37451669839162
52432389642076
68970245452526
64716433395702
70368740566983
60711473929726
57100643286552
64440581739965
64779909594286
69165804994005
69214735169476
46787420122094
52772124112749
60056854331049
65451005520422
68049040756730
63769075498974
50556450037373
65548713840495
70181219072853
52532443467765
41138222235063
51058415976189
70073456887677
64218328906658
57030574323637
48205594504927
59299329172476
65829489995740
63700594393083
68612937612027
65957003848678
69123136192511
48930414388157
68646444199647
57036607794687
67693782432415
61138254411669
43441720915919
58758077611516
44776644606573
37780679284221
44289355873011
65882273339366
70078286528502
70162551536399
63697450629951
67065876118110
52604256088027
52149189308123
67190296387294
56692473593810
58428429923827
59285440421847
61512207826828
43494751387550
70358800005119
69663789218201
67876541291553
69778181857259
61296156307253
52191729057313
68048365287391
50361027197950
65249091513471
59261402857311
69117280478038
55799868697919
41123503394683
50575093423515
61524328486964
52226747753823
69111525653114
69980048308734
52745805487878
69541138513742
43292460411439
68032108676796
58446852380433
50714380185590
70011000977398
70123754795941
69225207705407
49340171079550
48376295446287
46436042376614
66777488635647
65921735450107
68834291310077
41575064780750
69396915447583
52425913367742
51401986138859
61546493459103
65824043531309
69612734965978
68564823154622
52338333471599
68129521637887
52564493198550
50295677189311
49957444501007
69162784094333
61426333885391
69112107546459
61424340397451
51263851814327
65870887713427
59302592543931
59013335068126
62319898848559
58695827521475
65894429523325
67583994748916
60796861789163
69259936306153
52776418465519
69818092876642
58679620901431
69120450100670
47264436706841
70367535562420
51883153811167
65764178482647
70212244597501
70293821847917
47204973473780
63683222035258
57037035583804
69185429274362
68067794812579
54767257255804
69996519554751
59365833571631
65895817625477
50473783504765
43943137828799
70365251759733
52014934362055
68976799113099
63254949005823
39572817768115
68994343802326
65208071954423
64334751268287
60593093994491
61112551603070
70359394532220
43221863300066
48266707465629
68681895371068
65899528678834
52736814999481
69537110085355
65912994397882
65970126706799
50573909636191
65382820860669
66760729267709
54936147966815
50369421817382
58685665377647
52534227760286
56052912402428
70351056664856
61532350938494
39007915995515
61546870335351
55765818636269
64144665284950
57098637291505
61544194662141
67000239913822
64573657637815
37658261854462
69801786462103
50159175065591
43944966586111
69585448467555
49366353686135
65352181381607
61537342627789
46642067390267
64656017879037
69061722829725
64149087165881
52360851355615
70368595210013
42258702794676
42602732593143
65405067968508
43241654693775
65822638202710
69200449486569
59844832622779
59017134247646
65968388514730
65556434505139
57724277194653
59973656165048
65552995249878
65612058973099
70262827212777
52661910167486
62632696469467
65827719018483
59919008219130
60181079516477
69629588003287
50401357028383
59339112704991
51641326679311
70277450923827
45943231544530
70083652136261
42605989457874
69800153780110
65592685440365
67325276978943
52602509170933
69232708222262
64310330194719
51322707218175
65756619864024
65828938513614
52724279769941
57111754759599
52702599667631
50506654676359
52671796409599
51659285143215
69532282090727
48856850656255
69200449617790
38896296525061
70274227609341
69805197445198
56847650119599
68427326676922
56056537335799
46109040801645
68571299309671
49939697266619
60232519086453
57172418362357
67100205882845
69730597491695
51947399413675
66932501689183
49423174553407
66511325866607
43881301982703
70141105140815
61244079734555
50538846573471
47161927796219
61295542446429
70341698993997
64861638152184
52462891291506
43249108513391
64677761105424
63493570733981
52764707168127
64646095371902
57171841906172
69196408912635
52157277001471
64140747799487
43705301794157
67412696947423
70054667562495
59763933050294
52220105990716
49452240853937
69812354692542
40483554326519
70087423243606
60049917466526
63161746780791
69946904796888
57068836879471
64320334536359
52226364503803
70366051325268
70327670896287
70363098264959
38950842103755
57035844475775
67763808037102
67452389024702
46984509177737
68014424711151
67104375499471
52569339453433
42877437844417
70204828670965
64073322724093
68438154103735
63631814716255
69155404247034
64559532441277
70351561620953
48889797263227
47851303512059
61260724778487
52638708742505
69498709727134
64851799947772
64853832620767
52338298452951
60320771799092
39443095309662
52755048468439
60364584887680
68065018441401
65950898320811
46496426451743
38482481119097
52216852065254
52431885663963
49003671846645
54801345772335
68425772545471
55923080650687
69763103424310
55790003552122
65660244801908
64269481513142
54908992618495
60460110838779
69818296202604
48345996669933
56596892723966
52672604357628
48052076796735
52140332279581
52397107642077
69679218407807
65763196534484
35682176890487
63744557637498
67894233726602
70342974036981
51606841554292
43701121711864
61484603834218
52754862664375
61537139667295
68821309571661
58995402005491
57150613155311
70290157435677
67953827183908
68053907635073
65923368676785
50117809797263
70366984008829
61291609582570
69782573135711
56948359670777
39692723441399
37581097992125
65769605844729
69128667658745
65831723388883
49885460946943
48008069380910
41205835398855
41624539053822
52224606592485
50564603802781
61552652426239
49060278302715
70348337849716
64868635107251
47192752455103
69131739019957
69268120266217
52217648241902
60935989295483
60715234229950
66501392193974
68580275779321
69337636604904
39559775583903
65411345144682
70349362124775
68057476620155
65755936286458
60175108272110
59900269153535
68139516685086
67068553649130
51056388925182
47938325526969
69543030661991
41334612359163
68614778029486
60329785413627
64695070719271
68645076004727
41231382737888
70093463583634
65950762138892
38743557242879
50572921122043
47877334224483
62899778093055
56581781405596
67713916141360
70288883842687
63084439260118
52225974238463
43979274840823
70364338742007
60073545297907
51947078745212
65352115091453
36557535559326
65746533785452
52543768493608
63677228645878
70194889581471
52666891986917
70284430122943
51972173439975
61562580491375
52097944297447
47262015159290
65352020966759
69120970964047
70361621949599
49881748602315
70308480153014
69951289407998
70348978933407
67345035742327
46591652062099
67889292274908
65110805863903
60398876407707
48515375890044
38682386638718
54027966413565
65815449347838
64798421221371
47828218556310
68439186831353
65395164592118
56039590196223
67615367094201
65893365176567
55369442000631
67679876537077
52252268001487
61429671521775
63730263489243
63668576833529
57104186408179
50536082463894
60470147573939
61538270415863
68710815428286
56890599395318
50397006132919
52707167548985
67523311428479
70325757262667
41777146264063
52079296856063
69954746956637
57153785808895
47655342173180
51782034520475
61117231984537
67542587379594
36944704634563
56404691069855
50886617313269
70092784946103
63973468077043
68434748014366
61481314908730
69050299908086
70342954249111
68131904968063
52775145627609
43018388137707
59865242270502
47271462764021
64860442754869
68804298670060
70269758602072
49999759004662
70365017472445
47819225284458
36008442522344
48653313987677
70368206508959
70213453381631
56592149980146
70078825200445
59201049061367
61418836590554
44346562748255
61529699038402
62444250299258
59300839406073
70221297711961
65901876075382
52114925263357
46110697436014
65155464603643
70083849813950
67305790563291
54423023222270
46107803369456
63556719968071
58256875056789
51880478538352
70355755869684
59631151841243
43875154121051
69096144077699
68166724071399
51448905704191
56074931928571
68019378187443
50437709119347
64509133641211
55559611987956
69064660594430
70321498428608
38652522004391
69543837235933
68083730865891
69388148391672
52620436832053
48274454427771
60868198921135
62250565492487
65108348206972
48309685975931
68372387429255
43492414574333
70364442119101
59361145108856
52430561599407
57165745461116
61375883770054
65964914178043
61223959772803
38060557856247
70220966031221
68139588704246
67619763416731
67813098519423
66871393774589
64227526869814
66615628660671
50951192155727
63632691395835
42571027950046
60469909649827
70354435958453
41686415043515
70350121105318
52668635999612
43967504379631
65263684671439
52603952986078
36278974594990
57060510880221
65694426940413
65403208220214
41127851628202
69939021931503
61293390184414
58681976618220
61108481871229
69812453543785
59301617710811
68969619769342
64994086741983
53909790758131
52633112410333
70196408611387
51612353010601
51603158269926
48206638731208
39543728223715
46176803792743
67654005738735
57667518947196
69869881719546
39582012536485
35639623744959
50491610283102
64694186372981
61159662007911
61519826972603
64508256960486
68018179642477
68934154714957
61407268097983
35287367310245
61572579661517
67396348769798
39582133026733
56206002253567
68938242413183
70365566990332
59096468044637
55796575894907
48340111161283
47828195860166
65126507953087
52775731207006
61363934539774
65904468951019
70196265340913
67342251472874
49965216428742
66365020421103
61478006087167
51683975227247
70325059429115
64080393512435
60652940733087
58114765703678
67583376788799
69671322345382
51401858055927
65691497316349
69199438805872
46170317239132
60106656825279
69779191684877
51254996638014
58801535303484
70296769824178
67546654960495
64071812906425
69139968277946
50525954193381
53175848234799
63553637052012
69955521198975
70272072012533
60567309966647
42054656030588
69452502450157
43137876493306
49350112424645
70348799004541
66998929189319
60773699091903
69595110553639
65946486554046
54906697543639
68923284127462
67787334307543
59218781839869
58647239179439
60883684192029
63757555746303
61396355119903
39943128219638
60318377759995
37639417511165
61534615086075
60272865127791
67594186848219
63213023788463
69433464712565
43360832126619
44925079518967
58388603926519
47225136054260
52267595595722
69027573325823
48365355603519
57654886398909
50014153264123
70016464299693
49301367315133
50508642898858
52080502867327
65726676691963
46633946967871
66717962990011
36794869213672
48374717921255
49114485812473
63978334310389
63754450222574
47270133134606
63770801246175
65548880166908
47072438681391
69267060027369
62806614894843
63475019250365
62636639469311
59623468793079
42122887357949
50401423649727
51424445837230
65609852775417
52706764377019
48344093114348
54401044315870
52156421758181
59901737800381
46990878257205
39581567137599
50567952873698
60725333932438
43887382900782
63735817300927
61492642571159
46036142665659
49430912270311
60924060906959
60670359609023
43413142437533
51608201197567
68142733901797
50190913953518
68479759841019
45884703962711
60318520637941
42174330693503
52069947904064
65935465445277
36276916819839
52723722268117
54971812150270
65317054177243
67995489221758
68098574219755
46969715621778
66995835361187
57160606076839
68158898801361
68431779503101
64518989403893
59092030185453
69096324104039
35437429124847
65270300633958
68009657753517
58712093829079
51525451415092
65858192400366
40619111075838
65865134226543
39029944448767
70357837937607
65390439251945
70084271139545
50134305406578
70176340769461
51421751273439
50521004048353
70300013673469
60353953639343
60984231983595
70231067315039
65829114084933
55919918809035
47233863769956
61503355483517
54941135613755
69780262346167
67340654648988
52500561111930
68098377692535
69080536906366
52220339613631
48244482319732
65961704283531
58274048755706
62534046310014
61542024147287
68027433219063
65901962035165
50567736442751
70214073972366
67550452870575
46040898907031
70144329645944
58437250809337
56726753112007
70126069807194
65384696636910
64213534669739
67321462986519
63649175269883
69187609803133
70063969140115
41394119630807
70341782927071
68148166126335
60908404841371
65695267156987
68083380884311
44523743849378
63483831858835
65956158975714
54654666181630
68160971243512
68027377757899
58709250121695
42506000752045
70366588039359
70267676056493
68018054863229
39011019339531
64866471637855
39288195997228
63561839602621
68151195727743
55792661102063
70338123088607
52395279036415
59373597220654
52208430659548
51642141210838
56068507364221
59506769699583
49208480746989
68712362078062
65407914712252
65830757529019
69791733553443
63594904401917
67619394543347
61089869890830
61562970184191
56450925575862
68410238037994
65856737836895
67609209468785
63633561216702
61515665323455
65896051630043
61235512965115
52698845804987
49142935450329
68100812176346
54648353844251
61397327054730
69178072980147
65851510620158
56484456282111
42833708169461
58065448425470
60451655761850
55370428199103
39760918673403
68705105952753
70366291262070
59510485837087
50276750718719
62038618389823
64015337781295
70020851540343
59352077212357
59217448267755
50473548885865
57174419996350
69268152479576
38756508577741
43927643094430
65111100153853
70005718972406
60324955618157
59356173278876
41760863549806
61529028737439
67534998730741
63414776790299
52088253431286
68924292839546
69028686919614
70224306705780
68167018282852
65129414622170
43920167042070
43911726758761
61526452990714
58823686652122
40037356827391
60351768648839
65966368339579
67932356212988
61362982010622
39333293575150
42810080352631
58241904012750
52635897689039
65413818276989
70290972046831
63751741380313
49741584728051
70057357207829
50834407583709
65336833446653
61493994126008
43429383333567
52466631999992
58819257125099
39032660685734
70204192955545
65936297858903
65923342388223
56037358386511
70204448554386
64627681522631
49163265834713
67445950738067
61515820037375
49381151079900
60850769207267
69764730796796
69221944802043
60626467008443
63625369745053
58100559096503
68581479873470
65935290264447
65779293436415
